3.194239673873968363e-09 -7.625849401752220163e-06
-1.546211438876303745e-01 -4.690677118848238236e-02
-4.881642849306957466e-01 -1.447802736788119660e-01
-8.427472736086167870e-01 -2.417327546537596517e-01
-1.185999693196935212e+00 -3.272148582452525378e-01
-1.513286596083747604e+00 -3.998170491120374148e-01
-1.825938432243519038e+00 -4.600930114534327320e-01
-2.126229056582410237e+00 -5.089587786733638097e-01
-2.415390559345805599e+00 -5.473420004941884631e-01
-2.689214192478113219e+00 -5.761437323597919935e-01
-2.924049429149020440e+00 -6.106607017135043947e-01
-2.999059599082944061e+00 -6.987598355278845652e-01
-2.912337409373773056e+00 -8.267727608322412713e-01
-2.794832592340478428e+00 -9.657010736515920790e-01
-2.669008476326485635e+00 -1.091703863008457898e+00
-2.534047985840320649e+00 -1.186975252152134175e+00
-2.385177494573936130e+00 -1.240273319734430668e+00
-2.218239665565787888e+00 -1.246736052685008200e+00
-2.030906557520920863e+00 -1.207112740724123334e+00
-1.823097599658798806e+00 -1.126779364815263751e+00
-1.597206676853511809e+00 -1.014903552410737486e+00
-1.358289212700155346e+00 -8.839964638830570820e-01
-1.114233456800914013e+00 -7.499439388449857802e-01
-8.758914081179711708e-01 -6.324866859617590542e-01
-6.571299951584839150e-01 -5.559974447473421399e-01
-4.586611455398625914e-01 -5.210445283470077626e-01
-2.337739080877982989e-01 -4.437002270916692304e-01
1.777703188834423020e-02 -3.246752797201220009e-01
2.822637469227779472e-01 -1.888980701633886650e-01
5.483604518404248118e-01 -5.656912031317951062e-02
8.073642594756265112e-01 5.618401359528624184e-02
1.053381972978060244e+00 1.368534901012237182e-01
1.283049130336096688e+00 1.765150398573145374e-01
1.495854414552034051e+00 1.702192560348063655e-01
1.694498987065235163e+00 1.177598884674111446e-01
1.884414699828623974e+00 2.466728917679783528e-02
2.073473971377753244e+00 -9.689892443951775292e-02
2.271611338117388357e+00 -2.277113340496039751e-01
2.489755201765120773e+00 -3.417519642648862987e-01
2.735512438504809296e+00 -4.071128443146367903e-01
2.985934251070496259e+00 -4.056590159968016529e-01
3.081411519343548733e+00 -3.844498855454774322e-01
3.015396845579255469e+00 -3.605080744089603773e-01
2.925604680658427270e+00 -3.373375046768112284e-01
2.842251262233828513e+00 -3.154936789540763176e-01
2.771707282975246045e+00 -2.949436650490336875e-01
2.715096404593762003e+00 -2.755495954468000219e-01
2.672430132797609659e+00 -2.571632165207701215e-01
2.643526489965058346e+00 -2.396422930126580475e-01
2.628213644143825078e+00 -2.228516572603516099e-01
2.626374708100417621e+00 -2.066613852377537919e-01
2.637957394368823927e+00 -1.909445167849116443e-01
2.662589176668781477e+00 -1.755761057705708117e-01
2.699902342885764028e+00 -1.604338131915900023e-01
2.749987792980979506e+00 -1.453931281883370508e-01
2.813072652334064117e+00 -1.303234628277135654e-01
2.889406574645903447e+00 -1.150862493997026892e-01
2.979043366688513217e+00 -9.953594843811575110e-02
3.080919096758680809e+00 -8.353544768109100183e-02
3.188713327800821062e+00 -6.704486597951614391e-02
3.278176225286440371e+00 -6.628757635933169023e-02
3.231654498155293709e+00 -1.346023497041576311e-01
3.044373056256555188e+00 -2.558236394641536515e-01
2.842113287716147241e+00 -3.954982425883078467e-01
2.643675704297717033e+00 -5.262706279120890063e-01
2.445381248453482925e+00 -6.278654638349787653e-01
2.240237599512568067e+00 -6.873425883376125256e-01
2.022451844912440677e+00 -6.987989894519596179e-01
1.788601943384220405e+00 -6.625311279902423856e-01
1.538023168983688294e+00 -5.839956182024248488e-01
1.273013277223325801e+00 -4.729229845251500808e-01
9.990027963226393304e-01 -3.428130962309954288e-01
7.247050948313229490e-01 -2.108950960928560048e-01
4.622086692240721106e-01 -9.851466738579342519e-02
2.269587191475623822e-01 -3.179675891418448641e-02
1.909709116175936638e-02 -1.082723501656016052e-02
-2.153998581905380849e-01 5.512797468931740497e-02
-4.768611999049119365e-01 1.650251581908537823e-01
-7.497592193362132562e-01 2.919173279121657361e-01
-1.021444258176887665e+00 4.141883256103577882e-01
-1.282335620556053435e+00 5.148390812102904279e-01
-1.526088791688510860e+00 5.809725616459068265e-01
-1.749289157115720528e+00 6.036856429574533056e-01
-1.951731568089893898e+00 5.783718548255729619e-01
-2.136721173588306044e+00 5.054001564000909497e-01
-2.310529829508272570e+00 3.910332420636319917e-01
-2.482042010897874462e+00 2.482545215274138961e-01
-2.662319336923026469e+00 9.715372692186875769e-02
-2.863491517481769222e+00 -3.538677366384714029e-02
-3.094432105169641289e+00 -1.165971257825523522e-01
-3.332823957769015522e+00 -1.279844748595075909e-01
-3.417408390118238160e+00 -1.177505072140086900e-01
-3.340947520092630185e+00 -1.036679158546991997e-01
-3.240675187490129616e+00 -9.009099671443132618e-02
-3.146764370977431113e+00 -7.771647104807333228e-02
-3.065627055189111161e+00 -6.651005588958879000e-02
-2.998439099354964554e+00 -5.630783024031801864e-02
-2.945260445406233885e+00 -4.693473869591915232e-02
-2.905951375303928330e+00 -3.822543136103957739e-02
-2.880376218400718002e+00 -3.002574794034660460e-02
-2.868448695485394495e+00 -2.219055416866072550e-02
-2.870142167448294757e+00 -1.458101245035656190e-02
-2.885105973334125551e+00 -7.062259101674017714e-03
-2.912990262982413370e+00 4.952118336927560649e-04
-2.953899630702590429e+00 8.219717708791925842e-03
-3.008071809260210117e+00 1.624367202098168581e-02
-3.075764516741962495e+00 2.470601766033275054e-02
-3.157037623725834408e+00 3.375174961827195202e-02
-3.250832337497488567e+00 4.351782654513264292e-02
-3.350835873022099065e+00 5.404904370052712737e-02
-3.432564061382430864e+00 4.898684872773075016e-02
-3.377697873013424612e+00 -2.534510100355184814e-02
-3.181786596473131112e+00 -1.525940584062799588e-01
-2.971009696068364292e+00 -2.981655079043750711e-01
-2.764511260344074017e+00 -4.345247809376316939e-01
-2.558841789575652115e+00 -5.412758891686924034e-01
-2.347133497809549496e+00 -6.054168061667069001e-01
-2.123631819900017703e+00 -6.210301662568026293e-01
-1.884883246339041918e+00 -5.884371618151739147e-01
-1.630133807576796379e+00 -5.131527009683936047e-01
-1.361542691008815531e+00 -4.049945907932962497e-01
-1.084358926170998050e+00 -2.775740422789430562e-01
-8.070775251123643024e-01 -1.482498509422725264e-01
-5.415390856533326414e-01 -3.850920716004360700e-02
-3.029209824616279079e-01 2.537629199853840348e-02
-9.139367915454393865e-02 4.335240442213210421e-02
1.461864785892306173e-01 1.066731916888623427e-01
4.102061203829128200e-01 2.142538944299453019e-01
6.854185553348384197e-01 3.389823245915534744e-01
9.593803357220052064e-01 4.591274161001909770e-01
1.222651024512442675e+00 5.576169031052204961e-01
1.468967541373027430e+00 6.215147964252909496e-01
1.694945141756604379e+00 6.419064363968676190e-01
1.900364919974001587e+00 6.141947225485999695e-01
2.088482925451025984e+00 5.387733913422854126e-01
2.265494454353978782e+00 4.219417299205767691e-01
2.440186863975169373e+00 2.767294159240146767e-01
2.623509553380594994e+00 1.232811764099379093e-01
2.827468580899981987e+00 -1.145698831227521391e-02
3.060803836357159469e+00 -9.464097879899650845e-02
3.301145023828931713e+00 -1.077311514461160996e-01
3.387488169175586705e+00 -9.897672371837289151e-02
3.312679453201797131e+00 -8.618138958476369293e-02
3.213972141935800053e+00 -7.379157373811563725e-02
3.121546001960989969e+00 -6.252987923146427485e-02
3.041817064311883811e+00 -5.237216699887284332e-02
2.975964639573904336e+00 -4.316069851268057589e-02
2.924051961344092732e+00 -3.472539874077200384e-02
2.885942519474834711e+00 -2.690536472632075113e-02
2.861503770912365852e+00 -1.955053210419248344e-02
2.850652474840995154e+00 -1.251957835553659665e-02
2.853364932247220764e+00 -5.677230470167734730e-03
2.869293285814260130e+00 1.108360209652750530e-03
2.898090375690964393e+00 7.963953799855134560e-03
2.939863405642617167e+00 1.501497559988266076e-02
2.994852607055038973e+00 2.239104385572592004e-02
3.063318075487305947e+00 3.022848640153755900e-02
3.145321920968807916e+00 3.867004877349859704e-02
3.239807384327500372e+00 4.785163322531069824e-02
3.340463209398070177e+00 5.782193436573768858e-02
3.422836250823312554e+00 5.223094032603523007e-02
3.368694352160940042e+00 -2.252426831322568504e-02
3.173548830066815540e+00 -1.500660685417084250e-01
2.963529356523990188e+00 -2.958897506686317125e-01
2.757737084088384805e+00 -4.324629534083671567e-01
2.552691426691554355e+00 -5.393795792285657198e-01
2.341505354472982248e+00 -6.036309972415365710e-01
2.118416036584673812e+00 -6.192987569582704133e-01
1.879971688742567260e+00 -5.867073715065546091e-01
1.625429068151582612e+00 -5.113782102655590744e-01
1.356966156226811826e+00 -4.031380568993466196e-01
1.079858007131957898e+00 -2.756095284823339431e-01
8.026321691825324400e-01 -1.461652746728871466e-01
5.371677044630276399e-01 -3.630853241967994804e-02
2.986859895223117345e-01 2.767147933655834252e-02
8.735593159159699139e-02 4.572186207490990667e-02
-1.501131926528951888e-01 1.091544070654822257e-01
-4.141022513998553478e-01 2.168810792418290612e-01
-6.893182206770624987e-01 3.417708243244964028e-01
-9.632819077782324158e-01 4.620785220484373013e-01
-1.226526869883211468e+00 5.607225182785782192e-01
-1.472772907375550666e+00 6.247616154793615983e-01
-1.698626217274946448e+00 6.452789064943112995e-01
-1.903866200755934379e+00 6.176775069364235371e-01
-2.091754040588575059e+00 5.423538394440375887e-01
-2.268496628156379202e+00 4.256122539077367151e-01
-2.442899323356067853e+00 2.804906731994134539e-01
-2.625936169314389446e+00 1.271460876598904111e-01
-2.829644807576046972e+00 -7.459791528139953984e-03
-3.062803422212251547e+00 -9.046879597777555959e-02
-3.303059943162464762e+00 -1.033609477652294995e-01
-3.389332018826801018e+00 -9.455794710682190185e-02
-3.314442683427621716e+00 -8.187674052989635243e-02
-3.215656211654291496e+00 -6.962479065898515007e-02
-3.123154965052163945e+00 -5.849372945993115691e-02
-3.043355591769365986e+00 -4.845259596694000831e-02
-2.977437546575858462e+00 -3.934222082788998986e-02
-2.925464092492756407e+00 -3.099228720174811158e-02
-2.887298721407869806e+00 -2.324189383102259754e-02
