8.619382677745619781e-02 5.182198902623620970e-06 0.000000000000000000e+00
8.617999183168223443e-02 6.073494080982857980e-05 0.000000000000000000e+00
8.609576771912763604e-02 4.027976690372992883e-04 0.000000000000000000e+00
8.592386539006616197e-02 1.120760826548941429e-03 0.000000000000000000e+00
8.567049970877257947e-02 2.215913583205900150e-03 0.000000000000000000e+00
8.534608368747417795e-02 3.672835609615998035e-03 0.000000000000000000e+00
8.496102890987046463e-02 5.475063459490823493e-03 0.000000000000000000e+00
8.452489674529654884e-02 7.608275041514707751e-03 0.000000000000000000e+00
8.404628736076351359e-02 1.006021354153614766e-02 0.000000000000000000e+00
8.353288615751075508e-02 1.281763707039482690e-02 0.000000000000000000e+00
8.299153913340953648e-02 1.585242778986323958e-02 0.000000000000000000e+00
8.242832909725132662e-02 1.905944848692852842e-02 0.000000000000000000e+00
8.184864694958582376e-02 2.220322982220001087e-02 0.000000000000000000e+00
8.125725716412085520e-02 2.518143893037992978e-02 0.000000000000000000e+00
8.065835766406105611e-02 2.797158951150325798e-02 0.000000000000000000e+00
8.005563449273241095e-02 3.056893928847588884e-02 0.000000000000000000e+00
7.945231169501801305e-02 3.297263491799264090e-02 0.000000000000000000e+00
7.885119680376567741e-02 3.518258696618702802e-02 0.000000000000000000e+00
7.825472229621137366e-02 3.719873311407027178e-02 0.000000000000000000e+00
7.766498335672973596e-02 3.902083450767753620e-02 0.000000000000000000e+00
7.708377225531473642e-02 4.064839241831811473e-02 0.000000000000000000e+00
7.651260962629832796e-02 4.208059306140969624e-02 0.000000000000000000e+00
7.595277290885021904e-02 4.331625974006175078e-02 0.000000000000000000e+00
7.540532218963527655e-02 4.435380735231772564e-02 0.000000000000000000e+00
7.487112366850298684e-02 4.519119784404797280e-02 0.000000000000000000e+00
7.435087095011722047e-02 4.582589598902501310e-02 0.000000000000000000e+00
7.384510434788608968e-02 4.625482506513839409e-02 0.000000000000000000e+00
7.335422837131268248e-02 4.647432204501099340e-02 0.000000000000000000e+00
7.287852755385494652e-02 4.648009193597940625e-02 0.000000000000000000e+00
7.241818076546502336e-02 4.626716091226858868e-02 0.000000000000000000e+00
7.197327414208726237e-02 4.582982788766430671e-02 0.000000000000000000e+00
7.154381275345120250e-02 4.516161418649174836e-02 0.000000000000000000e+00
7.112973112042685064e-02 4.425535150174750992e-02 0.000000000000000000e+00
7.073090268394723046e-02 4.310357096129002752e-02 0.000000000000000000e+00
7.034714831898612741e-02 4.169808995123280848e-02 0.000000000000000000e+00
6.997824397926163953e-02 4.002973574782593691e-02 0.000000000000000000e+00
6.962392755120863641e-02 3.808827163664994103e-02 0.000000000000000000e+00
6.928390498948913678e-02 3.586247637350026968e-02 0.000000000000000000e+00
6.895785580178742658e-02 3.334075773315307162e-02 0.000000000000000000e+00
6.864543795207998789e-02 3.051414738098741711e-02 0.000000000000000000e+00
6.834629227807552387e-02 2.739001639570663379e-02 0.000000000000000000e+00
6.806004665612179483e-02 2.405402746988394291e-02 0.000000000000000000e+00
6.778631968119064322e-02 2.072326257835261504e-02 0.000000000000000000e+00
6.752472240174302309e-02 1.748257929672795627e-02 0.000000000000000000e+00
6.727486123824392983e-02 1.433773551991145492e-02 0.000000000000000000e+00
6.703634061813142087e-02 1.127733576923983794e-02 0.000000000000000000e+00
6.680876508080497989e-02 8.286537934907198602e-03 0.000000000000000000e+00
6.659174106473594867e-02 5.350036794303042464e-03 0.000000000000000000e+00
6.638487844390145165e-02 2.452665139433320932e-03 0.000000000000000000e+00
6.618779184673491411e-02 -4.205333554234619905e-04 0.000000000000000000e+00
6.600010178158348395e-02 -3.284347600185145901e-03 0.000000000000000000e+00
6.582143558911345005e-02 -6.153467600732591414e-03 0.000000000000000000e+00
6.565142823993945498e-02 -9.042417480079020450e-03 0.000000000000000000e+00
6.548972299401285835e-02 -1.196518568298485762e-02 0.000000000000000000e+00
6.533597193676535242e-02 -1.493565472495602883e-02 0.000000000000000000e+00
6.518983640560857551e-02 -1.796789121864428990e-02 0.000000000000000000e+00
6.505098731911726495e-02 -2.107623044770654680e-02 0.000000000000000000e+00
6.491910542006072704e-02 -2.427520461139230298e-02 0.000000000000000000e+00
6.479388144238529268e-02 -2.757893396960072949e-02 0.000000000000000000e+00
6.467501621128093903e-02 -3.099813362056053415e-02 0.000000000000000000e+00
6.456222068458038199e-02 -3.452639653930181934e-02 0.000000000000000000e+00
6.445521594293185386e-02 -3.807823679509762110e-02 0.000000000000000000e+00
6.435373313545093843e-02 -4.143595409067483970e-02 0.000000000000000000e+00
6.425751338688641401e-02 -4.451326636108313139e-02 0.000000000000000000e+00
6.416630767172447347e-02 -4.730217058930815538e-02 0.000000000000000000e+00
6.407987666009981598e-02 -4.981097854302134892e-02 0.000000000000000000e+00
6.399799053987673125e-02 -5.205058846431601105e-02 0.000000000000000000e+00
6.392042881880384553e-02 -5.403147623494741064e-02 0.000000000000000000e+00
6.384698011022842123e-02 -5.576306503100414425e-02 0.000000000000000000e+00
6.377744190547772474e-02 -5.725361916632847742e-02 0.000000000000000000e+00
6.371162033567073779e-02 -5.851025001341530335e-02 0.000000000000000000e+00
6.364932992541233459e-02 -5.953894251688603145e-02 0.000000000000000000e+00
6.359039334053984138e-02 -6.034458207989000511e-02 0.000000000000000000e+00
6.353464113183639184e-02 -6.093097742812474127e-02 0.000000000000000000e+00
6.348191147639536958e-02 -6.130087855457366092e-02 0.000000000000000000e+00
6.343204991811124405e-02 -6.145598960637529279e-02 0.000000000000000000e+00
6.338490910858461669e-02 -6.139697672462838401e-02 0.000000000000000000e+00
6.334034854955979121e-02 -6.112347086215337566e-02 0.000000000000000000e+00
6.329823433786095632e-02 -6.063406558856504480e-02 0.000000000000000000e+00
6.325843891365601213e-02 -5.992630987002699888e-02 0.000000000000000000e+00
6.322084081275430867e-02 -5.899669578900328809e-02 0.000000000000000000e+00
6.318532442353437528e-02 -5.784064115344365181e-02 0.000000000000000000e+00
6.315177974899949254e-02 -5.645260745247530909e-02 0.000000000000000000e+00
6.312010217437077908e-02 -5.482651622615924980e-02 0.000000000000000000e+00
6.309019224054919495e-02 -5.295536072522466498e-02 0.000000000000000000e+00
6.306195542370826579e-02 -5.083095212051176592e-02 0.000000000000000000e+00
6.303530192121765963e-02 -4.844386613250754176e-02 0.000000000000000000e+00
6.301014644404284715e-02 -4.578354111135733706e-02 0.000000000000000000e+00
6.298640801571801784e-02 -4.283890847521797107e-02 0.000000000000000000e+00
6.296400977794711085e-02 -3.960140289040536138e-02 0.000000000000000000e+00
6.294287880285058534e-02 -3.607869165790356797e-02 0.000000000000000000e+00
6.292294591184319219e-02 -3.235663945809506142e-02 0.000000000000000000e+00
6.290414550110014213e-02 -2.865244735856615349e-02 0.000000000000000000e+00
6.288641537354441868e-02 -2.505101937262748865e-02 0.000000000000000000e+00
6.286969657726752814e-02 -2.155809641502777138e-02 0.000000000000000000e+00
6.285393325027825717e-02 -1.816221093212372004e-02 0.000000000000000000e+00
6.283907247145890940e-02 -1.484840113435007686e-02 0.000000000000000000e+00
6.282506411759619658e-02 -1.160120124605634566e-02 0.000000000000000000e+00
6.281186072634380169e-02 -8.405248674055822156e-03 0.000000000000000000e+00
6.279941736496523486e-02 -5.245362288475688591e-03 0.000000000000000000e+00
6.278769150469930282e-02 -2.106503798707123898e-03 0.000000000000000000e+00
6.277664290058547480e-02 1.026286434408298781e-03 0.000000000000000000e+00
6.276623347658281948e-02 4.167818566407793281e-03 0.000000000000000000e+00
6.275642721581406458e-02 7.332380047335054600e-03 0.000000000000000000e+00
6.274719005576487318e-02 1.053416233110337358e-02 0.000000000000000000e+00
6.273848978826818135e-02 1.378754821256282515e-02 0.000000000000000000e+00
6.273029596410388542e-02 1.710719402894618490e-02 0.000000000000000000e+00
6.272257980204531957e-02 2.050795581848731397e-02 0.000000000000000000e+00
6.271531410218601776e-02 2.400427863814487764e-02 0.000000000000000000e+00
6.270847316338198918e-02 2.760720174722161926e-02 0.000000000000000000e+00
6.270203270464820566e-02 3.131064026192809102e-02 0.000000000000000000e+00
6.269596979035056694e-02 3.502942717800371780e-02 0.000000000000000000e+00
6.269026275903842593e-02 3.854617688501364020e-02 0.000000000000000000e+00
6.268489115576604542e-02 4.177491689275406733e-02 0.000000000000000000e+00
6.267983566775583992e-02 4.470794791097677107e-02 0.000000000000000000e+00
6.267507806325961495e-02 4.735387897239548560e-02 0.000000000000000000e+00
6.267060113347890093e-02 4.972389861771829567e-02 0.000000000000000000e+00
6.266638863740907339e-02 5.182876565332867475e-02 0.000000000000000000e+00
6.266242524947686354e-02 5.367817848475479187e-02 0.000000000000000000e+00
6.265869650984483286e-02 5.528066871546895300e-02 0.000000000000000000e+00
6.265518877726089508e-02 5.664360689089576600e-02 0.000000000000000000e+00
6.265188918433516052e-02 5.777322889471876721e-02 0.000000000000000000e+00
6.264878559513108180e-02 5.867466277060232743e-02 0.000000000000000000e+00
6.264586656496154426e-02 5.935195156748784145e-02 0.000000000000000000e+00
6.264312130228530395e-02 5.980807130567201285e-02 0.000000000000000000e+00
6.264053963260302060e-02 6.004494391977503037e-02 0.000000000000000000e+00
6.263811196425601857e-02 6.006344518462971432e-02 0.000000000000000000e+00
6.263582925603548845e-02 5.986340764482359078e-02 0.000000000000000000e+00
6.263368298651288135e-02 5.944361855340176554e-02 0.000000000000000000e+00
6.263166512500666083e-02 5.880181280365540802e-02 0.000000000000000000e+00
6.262976810410400552e-02 5.793466081623049185e-02 0.000000000000000000e+00
6.262798479365944138e-02 5.683775132824341048e-02 0.000000000000000000e+00
6.262630847619614360e-02 5.550570953902760757e-02 0.000000000000000000e+00
6.262473282363875682e-02 5.393261367789277394e-02 0.000000000000000000e+00
6.262325187530981552e-02 5.211160686788084140e-02 0.000000000000000000e+00
6.262186001712509442e-02 5.003464354354358185e-02 0.000000000000000000e+00
6.262055196192611861e-02 4.769243629162272374e-02 0.000000000000000000e+00
6.261932273089088064e-02 4.507455414369495456e-02 0.000000000000000000e+00
6.261816763596667057e-02 4.217005322749189239e-02 0.000000000000000000e+00
6.261708226327165894e-02 3.897048715934114949e-02 0.000000000000000000e+00
6.261606245741439813e-02 3.548363664142234475e-02 0.000000000000000000e+00
6.261510430668260074e-02 3.179547441494560284e-02 0.000000000000000000e+00
6.261420412905552291e-02 2.812330447346224685e-02 0.000000000000000000e+00
6.261335845899583530e-02 2.455212882340050348e-02 0.000000000000000000e+00
6.261256403497951484e-02 2.108778163784419749e-02 0.000000000000000000e+00
6.261181778772423323e-02 1.771888408043499619e-02 0.000000000000000000e+00
6.261111682907864739e-02 1.443055872692889860e-02 0.000000000000000000e+00
6.261045844153688422e-02 1.120741999922222724e-02 0.000000000000000000e+00
6.260984006834441340e-02 8.034181512996183341e-03 0.000000000000000000e+00
6.260925930416316731e-02 4.895734532420746923e-03 0.000000000000000000e+00
6.260871388626541856e-02 1.777109514611903028e-03 0.000000000000000000e+00
6.260820168622749371e-02 -1.336587915088676467e-03 0.000000000000000000e+00
6.260772070209592866e-02 -4.460105973297301928e-03 0.000000000000000000e+00
6.260726905100001682e-02 -7.607673344523085968e-03 0.000000000000000000e+00
6.260684496218624218e-02 -1.079342574377037400e-02 0.000000000000000000e+00
6.260644677045118511e-02 -1.403169311223509234e-02 0.000000000000000000e+00
6.260607290995073848e-02 -1.733708168270842870e-02 0.000000000000000000e+00
6.260572190836485862e-02 -2.072440000740422700e-02 0.000000000000000000e+00
6.260539238139786744e-02 -2.420804815005183838e-02 0.000000000000000000e+00
6.260508302759568156e-02 -2.779902274894211628e-02 0.000000000000000000e+00
6.260479262346212159e-02 -3.149119855586332561e-02 0.000000000000000000e+00
6.260452001885756512e-02 -3.519937034791990882e-02 0.000000000000000000e+00
6.260426413266399759e-02 -3.870611633572638294e-02 0.000000000000000000e+00
6.260402394870150100e-02 -4.192542978827813738e-02 0.000000000000000000e+00
6.260379851188185851e-02 -4.484957901557508342e-02 0.000000000000000000e+00
6.260358692458593832e-02 -4.748714239882367155e-02 0.000000000000000000e+00
6.260338834325213098e-02 -4.984927948682266186e-02 0.000000000000000000e+00
6.260320197516384966e-02 -5.194672166901568439e-02 0.000000000000000000e+00
6.260302707542457490e-02 -5.378914142821060451e-02 0.000000000000000000e+00
6.260286294411006314e-02 -5.538504586236860094e-02 0.000000000000000000e+00
6.260270892358721362e-02 -5.674178235520373897e-02 0.000000000000000000e+00
6.260256439599035105e-02 -5.786556490254645552e-02 0.000000000000000000e+00
6.260242878084572304e-02 -5.876150086745374895e-02 0.000000000000000000e+00
6.260230153283560806e-02 -5.943361376209312791e-02 0.000000000000000000e+00
6.260218213969426237e-02 -5.988486115347912975e-02 0.000000000000000000e+00
6.260207012022776796e-02 -6.011714754904385477e-02 0.000000000000000000e+00
6.260196502245087002e-02 -6.013133226794947078e-02 0.000000000000000000e+00
6.260186642183394878e-02 -5.992723231875486667e-02 0.000000000000000000e+00
6.260177391965358884e-02 -5.950362028882760779e-02 0.000000000000000000e+00
6.260168714144102864e-02 -5.885821722931310063e-02 0.000000000000000000e+00
6.260160573552252250e-02 -5.798768049778595807e-02 0.000000000000000000e+00
6.260152937164641107e-02 -5.688758650516429621e-02 0.000000000000000000e+00
6.260145773969175154e-02 -5.555254882140854555e-02 0.000000000000000000e+00
6.260139054845383078e-02 -5.397663470528766411e-02 0.000000000000000000e+00
6.260132752450198179e-02 -5.215297693210152463e-02 0.000000000000000000e+00
6.260126841110554008e-02 -5.007352017729264915e-02 0.000000000000000000e+00
6.260121296722385986e-02 -4.772896782473987076e-02 0.000000000000000000e+00
6.260116096655668483e-02 -4.510888022871144265e-02 0.000000000000000000e+00
6.260111219665134841e-02 -4.220230533610622170e-02 0.000000000000000000e+00
6.260106645806329251e-02 -3.900078905135078572e-02 0.000000000000000000e+00
6.260102356356710140e-02 -3.551210480757149845e-02 0.000000000000000000e+00
6.260098333741462295e-02 -3.182221849507710365e-02 0.000000000000000000e+00
6.260094561463777629e-02 -2.814842765129294683e-02 0.000000000000000000e+00
6.260091024039313168e-02 -2.457572819917365828e-02 0.000000000000000000e+00
6.260087706934602814e-02 -2.110994858004954650e-02 0.000000000000000000e+00
6.260084596509164767e-02 -1.773970455772704014e-02 0.000000000000000000e+00
6.260081679961104761e-02 -1.445011362131650573e-02 0.000000000000000000e+00
6.260078945275990292e-02 -1.122578540154789244e-02 0.000000000000000000e+00
6.260076381178818206e-02 -8.051429001670936531e-03 0.000000000000000000e+00
6.260073977088874420e-02 -4.911931436330920636e-03 0.000000000000000000e+00
