-3.906880771736273339e-15 -2.455099786590827773e-28 3.335396495104734739e-14
-2.075261210996862463e-03 8.333011008550312779e-03 9.362528271183387817e-07
-6.408073798006674003e-03 2.631164769540022402e-02 9.304330447025102691e-06
-1.071265414497039881e-02 4.543106225385751262e-02 2.761014660112831289e-05
-1.453453368986613349e-02 6.394889317316949928e-02 5.441824336237375723e-05
-1.782158271646698197e-02 8.161646749447967752e-02 8.814909920089267095e-05
-2.060670606604561583e-02 9.850600909461597332e-02 1.276800518095253358e-04
-2.293766764178843676e-02 1.147402267923528646e-01 1.722604015495657142e-04
-2.486183200202798232e-02 1.303854170920529798e-01 2.212395784314292199e-04
-2.642309252115665821e-02 1.452141510224345400e-01 2.730719949066757091e-04
-2.766295546833896085e-02 1.576974041849814601e-01 3.213732359448186020e-04
-2.862337599017891407e-02 1.604538757298569207e-01 3.406622566090321312e-04
-2.933796052958966352e-02 1.535414242897588377e-01 3.455785943650213155e-04
-2.983470862399934323e-02 1.444918574665436939e-01 3.757324845707411582e-04
-3.013725946913661455e-02 1.349717553445728135e-01 4.274531897918757936e-04
-3.026543789885429228e-02 1.253430022086027551e-01 4.779256558184537718e-04
-3.023661855294400291e-02 1.156771121886648046e-01 5.018415483799689792e-04
-3.006725962689605833e-02 1.059818840779005039e-01 4.834339261205337413e-04
-2.977404921379043709e-02 9.625276096777303503e-02 4.218631150390326850e-04
-2.937435813038005022e-02 8.648446996346886850e-02 3.299691405708886404e-04
-2.888597180238199405e-02 7.667277845680033066e-02 2.285503371140192616e-04
-2.832627209054702777e-02 6.681298945962362013e-02 1.388260236710174729e-04
-2.771114956930283146e-02 5.689699442854256883e-02 7.525291048943935363e-05
-2.705402167498024632e-02 4.691005905441299195e-02 4.052977723784197594e-05
-2.636551079986323640e-02 3.682879185385321691e-02 2.527736423866570997e-05
-2.565164617403858927e-02 2.661888538257567785e-02 1.672616575552349222e-05
-2.491094980023389471e-02 1.624129298993061410e-02 1.509616555105345589e-05
-2.415234541500001567e-02 5.674667755972530661e-03 3.278346689481786622e-05
-2.338566129224646517e-02 -5.106765243808856006e-03 7.795444526608904764e-05
-2.261721694191094062e-02 -1.613918706250912563e-02 1.466277352298568182e-04
-2.185011033090994079e-02 -2.746757705580367068e-02 2.239815510966500266e-04
-2.108538499220695764e-02 -3.914254417234927508e-02 2.900437666646649951e-04
-2.032350584183655745e-02 -5.119597916155300965e-02 3.269206265950417700e-04
-1.956568023616265042e-02 -6.365621984356348295e-02 3.256861358573193707e-04
-1.881463515448491414e-02 -7.657154864325486920e-02 2.909881383785330785e-04
-1.807456924767016776e-02 -8.999285585919512831e-02 2.411065318907408344e-04
-1.735018785412993994e-02 -1.039685408771102298e-01 2.019344964006173563e-04
-1.664504871418699683e-02 -1.185337377125271346e-01 1.956527101519506349e-04
-1.595987319662942397e-02 -1.336600726054082977e-01 2.286184755631278439e-04
-1.529192151320394114e-02 -1.490278396476856781e-01 2.860060576660336767e-04
-1.463814280432785934e-02 -1.630171466185789120e-01 3.412983445531595200e-04
-1.400175662870443288e-02 -1.681777037917201734e-01 3.611190022739105753e-04
-1.338447512727174160e-02 -1.645383281285854316e-01 3.443496556403110643e-04
-1.278689499971016365e-02 -1.596106463365061512e-01 3.230106899523068611e-04
-1.220920279063428954e-02 -1.550412058554564709e-01 3.039255807736956569e-04
-1.165142535904767698e-02 -1.511759673351587840e-01 2.882302355611704469e-04
-1.111348905030270715e-02 -1.480750056175302309e-01 2.758991748958201798e-04
-1.059524012402654654e-02 -1.457380017838629249e-01 2.667191829808922710e-04
-1.009645695867768603e-02 -1.441542927799351892e-01 2.604920340142071128e-04
-9.616859924059896481e-03 -1.433139324249629587e-01 2.570736425479458638e-04
-9.156120094552263819e-03 -1.432100998832913641e-01 2.563795372700202412e-04
-8.713867083165197092e-03 -1.438395988650348067e-01 2.583843236440717863e-04
-8.289696176763172719e-03 -1.451818686775835088e-01 2.630448261177749207e-04
-7.883174744326360700e-03 -1.472166801390452917e-01 2.703597809613964812e-04
-7.493847824949007204e-03 -1.499488450299620301e-01 2.804587180296693903e-04
-7.121243290517038568e-03 -1.533906391186465878e-01 2.935426590816168002e-04
-6.764876578903632025e-03 -1.575556005409640969e-01 3.098655247597069764e-04
-6.424255039405707239e-03 -1.624466301595155759e-01 3.296902434980962483e-04
-6.098881978664870938e-03 -1.680057807412453363e-01 3.530740932253630181e-04
-5.788260246358352054e-03 -1.738888768187482892e-01 3.788378214984523579e-04
-5.491925895736980180e-03 -1.784611148997083396e-01 3.986495750392714059e-04
-5.210263814174812338e-03 -1.742470834272192015e-01 3.799209194027102767e-04
-4.945794048815286767e-03 -1.612115139469815495e-01 3.440391228450133810e-04
-4.699983732470074636e-03 -1.468000479340297315e-01 3.387547403671726555e-04
-4.470989830446645344e-03 -1.326033730430423163e-01 3.632812341983713829e-04
-4.254222237497683190e-03 -1.189146726893481609e-01 3.957317277598977785e-04
-4.044289590459860216e-03 -1.057431349207157006e-01 4.104593857885854933e-04
-3.837084221432549968e-03 -9.304045163119455120e-02 3.905240610864885728e-04
-3.631141588040996161e-03 -8.075193979633150942e-02 3.334862581505017060e-04
-3.427895496811851021e-03 -6.882756838076728445e-02 2.504648018770171450e-04
-3.230882930357732719e-03 -5.722271293872645270e-02 1.605902871163042618e-04
-3.044231891362591483e-03 -4.589541577197618627e-02 8.355194068946287568e-05
-2.870917899261608060e-03 -3.480223455765353580e-02 3.245857205514688433e-05
-2.711392084431161684e-03 -2.389419139700988196e-02 8.875538780190662505e-06
-2.563360312725183627e-03 -1.311463755788987162e-02 2.532023874927877645e-06
-2.423731903517145365e-03 -2.401250308602427205e-03 1.156799596902757021e-06
-2.292143045496603405e-03 8.299325877757694411e-03 8.283102377596375559e-06
-2.170872085638781996e-03 1.902893524043635515e-02 3.566843632390229282e-05
-2.061247562924534669e-03 2.983527366721617016e-02 9.032836276909715786e-05
-1.961844801548056575e-03 4.077513722245777739e-02 1.676686380888663260e-04
-1.868923630994944211e-03 5.191246152922958379e-02 2.526162187205296928e-04
-1.777918158823524287e-03 6.331455009775092957e-02 3.251803970980412985e-04
-1.685134443104135005e-03 7.502728182221879427e-02 3.675942336829159584e-04
-1.589076730428622564e-03 8.709017368213872734e-02 3.711747960390112322e-04
-1.491015724498392534e-03 9.956013812074415714e-02 3.409131299683807099e-04
-1.394578551801223905e-03 1.124946892232628198e-01 2.954755226847172980e-04
-1.304344980720158762e-03 1.259475441416690877e-01 2.610940307707599272e-04
-1.223778268597228462e-03 1.399585397873549519e-01 2.601240615035886041e-04
-1.153264641005815466e-03 1.545038668664670267e-01 2.988260374271739105e-04
-1.089488330387760988e-03 1.692682800816424082e-01 3.618945005829707199e-04
-1.028227654852901119e-03 1.826368849884213719e-01 4.216434210972194057e-04
-9.696572062840810337e-04 1.871672840513315950e-01 4.412416543407162535e-04
-9.141862972323022392e-04 1.828933536509974589e-01 4.200919790478663111e-04
-8.618093343838689573e-04 1.773305408520159110e-01 3.939557105969585318e-04
-8.123788989968812714e-04 1.721284103906655094e-01 3.704149016409150411e-04
-7.657314463823302600e-04 1.676354718018324141e-01 3.507285616088389357e-04
-7.217100423755548610e-04 1.639139831558527882e-01 3.348619280964141112e-04
-6.801673920032793056e-04 1.609654911042505132e-01 3.225673757413920510e-04
-6.409655364919639858e-04 1.587809152615036468e-01 3.136097435356672929e-04
-6.039751281223999270e-04 1.573516391234940637e-01 3.078100369053950766e-04
-5.690747628148760777e-04 1.566719453921933403e-01 3.050516394847444857e-04
-5.361504315626727454e-04 1.567395394959877342e-01 3.052797324588309895e-04
-5.050950870991718434e-04 1.575345828462640096e-01 3.084178917374742388e-04
-4.758083006141661372e-04 1.590374088128836960e-01 3.144340447200171776e-04
-4.481959848029561707e-04 1.612532500181537987e-01 3.234361188618550625e-04
-4.221702447681982009e-04 1.641946777494593945e-01 3.356065448828475127e-04
-3.976493427586498325e-04 1.678754152514040088e-01 3.511817057752963846e-04
-3.745577350139761411e-04 1.722984516847407832e-01 3.704051713579807853e-04
-3.528259496498857171e-04 1.774058441260126240e-01 3.933021652134828646e-04
-3.323888114585361918e-04 1.828533515077021832e-01 4.186026859842472856e-04
-3.129240861168044031e-04 1.870065614873935578e-01 4.375309309507795122e-04
-2.944056947449877467e-04 1.823913452284043613e-01 4.157147243436940453e-04
-2.803169744148059682e-04 1.689711696053667056e-01 3.747745179555656177e-04
-2.732472952202871352e-04 1.541901608712449301e-01 3.642223883942367858e-04
-2.721246415264336454e-04 1.396381460533755448e-01 3.838197584850663998e-04
-2.728856030851051304e-04 1.256078897309885201e-01 4.119319663296517513e-04
-2.705387362658049602e-04 1.121083611031787886e-01 4.230323555815417480e-04
-2.613382583123938382e-04 9.909105094847370232e-02 4.002021857300424581e-04
-2.441870436319156109e-04 8.650100269709286305e-02 3.409513487228180736e-04
-2.208931965301890420e-04 7.428783397730018279e-02 2.563062045353922940e-04
-1.953470718983592400e-04 6.240654309476946493e-02 1.652841399293274822e-04
-1.719689024808195043e-04 5.081484530791932630e-02 8.744493557576272038e-05
-1.539303512395732727e-04 3.946908975460753505e-02 3.574243545517031265e-05
-1.417702683294112006e-04 2.832023898131411435e-02 1.154851827716038036e-05
-1.331993357268372775e-04 1.731169867990831751e-02 4.356336705010137889e-06
-1.254545006194619230e-04 6.380737838601882421e-03 1.884191457664337182e-06
-1.194751292423778307e-04 -4.527759234205443357e-03 8.385162830100723063e-06
-1.178159915035969000e-04 -1.545600201917022437e-02 3.558740046639348215e-05
-1.218085774290897963e-04 -2.645169142746493438e-02 9.028284915811911956e-05
-1.300670110166481379e-04 -3.757166623451760334e-02 1.676962543012534780e-04
-1.389333856810836881e-04 -4.887995153351431393e-02 2.526088325656857501e-04
-1.439876304504102362e-04 -6.044402603653921402e-02 3.249213379797250868e-04
-1.417571594258623278e-04 -7.231006010480846291e-02 3.668016011894822980e-04
-1.310395747554446845e-04 -8.451798243166071256e-02 3.695471751738571000e-04
-1.134533470417189429e-04 -9.712521414714143930e-02 3.381761589333573425e-04
-9.300128904853831844e-05 -1.101898316736072275e-01 2.914297221386487422e-04
-7.463717631769618529e-05 -1.237661129852076214e-01 2.556578661836742200e-04
-6.217048283485651107e-05 -1.378944013059197893e-01 2.533639761877817527e-04
-5.629046930495178430e-05 -1.525513061500429757e-01 2.909672947821367915e-04
-5.394433404823762259e-05 -1.674219222066080093e-01 3.533233906988927854e-04
-5.108554390861685208e-05 -1.808916040269772929e-01 4.128612459286779110e-04
-4.783102714179346155e-05 -1.855180349645823290e-01 4.327964547012967374e-04
-4.467452197100777741e-05 -1.813352412915265333e-01 4.123641343585679160e-04
-4.174306497058001255e-05 -1.758587823440326270e-01 3.869382508184652006e-04
-3.903543643239989173e-05 -1.707384314179789808e-01 3.640319572658596908e-04
-3.653091427977110423e-05 -1.663229190609998576e-01 3.449000481414630191e-04
-3.420899130635289700e-05 -1.626747191427732053e-01 3.295154984441836109e-04
-3.205210636403469694e-05 -1.597955854799582853e-01 3.176396622799834983e-04
-3.004554797808958551e-05 -1.576766357603312796e-01 3.090455732695918242e-04
-2.817701718017049907e-05 -1.563094426182251584e-01 3.035613872416826654e-04
-2.643625077660021242e-05 -1.556884692444351903e-01 3.010766740541271323e-04
-2.481475244875964824e-05 -1.558115932176416807e-01 3.015419652901967385e-04
-2.330562451045528982e-05 -1.566591402132090360e-01 3.048859609001877799e-04
-2.190346997141061450e-05 -1.582116001314505804e-01 3.110810557611620709e-04
-2.060436653330123294e-05 -1.604743545586675424e-01 3.202385671434700241e-04
-1.940595650875866411e-05 -1.634601166253152882e-01 3.325438043140095234e-04
-1.830763234917613731e-05 -1.671827446292177277e-01 3.482357171150072574e-04
-1.731077834723746383e-05 -1.716453563317553999e-01 3.675603746679429492e-04
-1.641881718818490933e-05 -1.767901314373738764e-01 3.905462152115418630e-04
-1.563546290130620966e-05 -1.822729466553887900e-01 4.159303139487976336e-04
-1.468398465534516451e-05 -1.864594716340509384e-01 4.349452384243857614e-04
-1.354490250474069419e-05 -1.818756119562857376e-01 4.132818567551069526e-04
-1.580041650427686976e-05 -1.684849942185722704e-01 3.726012525775730254e-04
-2.414270400505333695e-05 -1.537318874801614499e-01 3.623579915683726579e-04
-3.757212950273931438e-05 -1.392062431513155785e-01 3.822946918776177886e-04
-5.207762099627965684e-05 -1.252009208481558722e-01 4.107409239586647738e-04
-6.270946513260846700e-05 -1.117249660379052018e-01 4.221298834849092916e-04
-6.575977448013840593e-05 -9.872993799348141197e-02 3.995176578338837238e-04
-6.016881863779953427e-05 -8.616094657751224850e-02 3.404120289646424854e-04
-4.778191790316099990e-05 -7.396767410785777541e-02 2.558564816475517555e-04
-3.252492094063330559e-05 -6.210517890453352841e-02 1.648948611950072174e-04
-1.884969274043081668e-05 -5.053122792537949326e-02 8.711221792188320479e-05
-9.953995304289460613e-06 -3.920221137481474938e-02 3.547811318189859469e-05
-6.396851702583793778e-06 -2.806912252553253259e-02 1.136560255168618109e-05
-5.904696470893893867e-06 -1.707539109146528553e-02 4.255001844545438651e-06
-5.744039238534930752e-06 -6.158339939355820213e-03 1.852587982683058678e-06
-6.924325177364921368e-06 4.737011472482797851e-03 8.423602462220535140e-06
-1.202372055860596314e-05 1.565283373320760368e-02 3.571100218569652000e-05
-2.238513313986315137e-05 2.663681163772569499e-02 9.051554708992523882e-05
-3.663506666816751848e-05 3.774576368573241691e-02 1.680573012984439788e-04
-5.112907130757271199e-05 4.904369090238308582e-02 2.530995667489151701e-04
-6.146246270787550272e-05 6.059804344225656197e-02 3.255176487966035667e-04
-6.418057196036075897e-05 7.245495821575648199e-02 3.674546247313430149e-04
-5.810144722255108419e-05 8.465432589533343488e-02 3.701933886575216911e-04
-4.486595472621880963e-05 9.725352611981126494e-02 3.387556353190256781e-04
-2.850019492329775982e-05 1.103105923203330091e-01 2.919072117872272367e-04
-1.398062971761391819e-05 1.238797610851822412e-01 2.560368665781371698e-04
-5.137082463888579841e-06 1.380013396662502223e-01 2.536828168034882644e-04
-2.675343472181159775e-06 1.526519101377241672e-01 2.912735214645086057e-04
-3.554949852399270200e-06 1.675165486654092706e-01 3.536384154108577083e-04
-3.737649774047280044e-06 1.809805964839883152e-01 4.131688887105739350e-04
-3.344424054678102729e-06 1.856017155734764890e-01 4.330787258137301795e-04
-2.878089205171299854e-06 1.814139128598278305e-01 4.126137813458081375e-04
-2.476014784147287956e-06 1.759327387047623925e-01 3.871576888308038184e-04
-2.146495575187818809e-06 1.708079513465763921e-01 3.642247436208089330e-04
-1.877726294158047583e-06 1.663882655885857709e-01 3.450694162595595218e-04
-1.657593488489807928e-06 1.627361401120864803e-01 3.296641656086304537e-04
-1.476443255203341965e-06 1.598533143399548384e-01 3.177698591022982250e-04
-1.327012932967424140e-06 1.577308923776891969e-01 3.091591003676154629e-04
