1.000000000000000000e+00 1.584200000000000053e-01 1.584200000000000053e-01
1.000000000000000000e+00 1.584200000000000053e-01 1.584200000000000053e-01
1.000000000000000000e+00 1.584200000000000053e-01 1.584200000000000053e-01
1.000000000000000000e+00 1.584200000000000053e-01 1.584200000000000053e-01
1.000000000000000000e+00 1.584200000000000053e-01 1.584200000000000053e-01
1.000000000000000000e+00 1.584200000000000053e-01 1.584200000000000053e-01
1.000000000000000000e+00 1.584200000000000053e-01 1.584200000000000053e-01
1.000000000000000000e+00 1.584200000000000053e-01 1.584200000000000053e-01
1.000000000000000000e+00 1.584200000000000053e-01 1.584200000000000053e-01
1.000000000000000000e+00 1.584200000000000053e-01 1.584200000000000053e-01
3.000000000000000000e+00 1.585002370370370284e-01 1.584200000000000053e-01
3.000000000000000000e+00 1.589964740740740790e-01 1.584200000000000053e-01
3.000000000000000000e+00 1.601576000000000111e-01 1.584200000000000053e-01
3.000000000000000000e+00 1.620760592592592475e-01 1.584200000000000053e-01
3.000000000000000000e+00 1.647162962962962773e-01 1.584200000000000053e-01
3.000000000000000000e+00 1.679431999999999869e-01 1.584200000000000053e-01
3.000000000000000000e+00 1.715505481481481576e-01 1.584200000000000053e-01
3.000000000000000000e+00 1.752894518518518796e-01 1.584200000000000053e-01
3.000000000000000000e+00 1.788967999999999947e-01 1.584200000000000053e-01
3.000000000000000000e+00 1.821237037037036766e-01 1.584200000000000053e-01
3.000000000000000000e+00 1.847639407407407064e-01 1.584200000000000053e-01
3.000000000000000000e+00 1.866823999999999706e-01 1.584200000000000053e-01
3.000000000000000000e+00 1.878435259259259027e-01 1.584200000000000053e-01
3.000000000000000000e+00 1.883397629629629255e-01 1.584200000000000053e-01
3.000000000000000000e+00 1.884200000000000041e-01 1.584200000000000053e-01
3.000000000000000000e+00 1.883397629629629810e-01 1.584200000000000053e-01
3.000000000000000000e+00 1.878435259259259305e-01 1.584200000000000053e-01
3.000000000000000000e+00 1.866823999999999983e-01 1.584200000000000053e-01
3.000000000000000000e+00 1.847639407407407619e-01 1.584200000000000053e-01
3.000000000000000000e+00 1.821237037037037321e-01 1.584200000000000053e-01
3.000000000000000000e+00 1.788968000000000225e-01 1.584200000000000053e-01
3.000000000000000000e+00 1.752894518518518796e-01 1.584200000000000053e-01
3.000000000000000000e+00 1.715505481481481576e-01 1.584200000000000053e-01
3.000000000000000000e+00 1.679432000000000147e-01 1.584200000000000053e-01
3.000000000000000000e+00 1.647162962962963328e-01 1.584200000000000053e-01
3.000000000000000000e+00 1.620760592592593030e-01 1.584200000000000053e-01
3.000000000000000000e+00 1.601576000000000111e-01 1.584200000000000053e-01
3.000000000000000000e+00 1.589964740740740790e-01 1.584200000000000053e-01
3.000000000000000000e+00 1.585002370370370561e-01 1.584200000000000053e-01
1.000000000000000000e+00 1.584200000000000053e-01 1.584200000000000053e-01
1.000000000000000000e+00 1.584200000000000053e-01 1.584200000000000053e-01
1.000000000000000000e+00 1.584200000000000053e-01 1.584200000000000053e-01
1.000000000000000000e+00 1.584200000000000053e-01 1.584200000000000053e-01
1.000000000000000000e+00 1.584200000000000053e-01 1.584200000000000053e-01
1.000000000000000000e+00 1.584200000000000053e-01 1.584200000000000053e-01
1.000000000000000000e+00 1.584200000000000053e-01 1.584200000000000053e-01
1.000000000000000000e+00 1.584200000000000053e-01 1.584200000000000053e-01
1.000000000000000000e+00 1.584200000000000053e-01 1.584200000000000053e-01
1.000000000000000000e+00 1.584200000000000053e-01 1.584200000000000053e-01
1.000000000000000000e+00 1.584200000000000053e-01 1.584200000000000053e-01
1.000000000000000000e+00 1.584200000000000053e-01 1.584200000000000053e-01
1.000000000000000000e+00 1.584200000000000053e-01 1.584200000000000053e-01
1.000000000000000000e+00 1.584200000000000053e-01 1.584200000000000053e-01
1.000000000000000000e+00 1.584200000000000053e-01 1.584200000000000053e-01
1.000000000000000000e+00 1.584200000000000053e-01 1.584200000000000053e-01
1.000000000000000000e+00 1.584200000000000053e-01 1.584200000000000053e-01
1.000000000000000000e+00 1.584200000000000053e-01 1.584200000000000053e-01
1.000000000000000000e+00 1.584200000000000053e-01 1.584200000000000053e-01
1.000000000000000000e+00 1.584200000000000053e-01 1.584200000000000053e-01
1.000000000000000000e+00 1.584200000000000053e-01 1.584200000000000053e-01
2.000000000000000000e+00 1.584200000000000053e-01 1.585002370370370284e-01
2.000000000000000000e+00 1.584200000000000053e-01 1.589964740740740790e-01
2.000000000000000000e+00 1.584200000000000053e-01 1.601576000000000111e-01
2.000000000000000000e+00 1.584200000000000053e-01 1.620760592592592475e-01
2.000000000000000000e+00 1.584200000000000053e-01 1.647162962962962773e-01
2.000000000000000000e+00 1.584200000000000053e-01 1.679431999999999869e-01
2.000000000000000000e+00 1.584200000000000053e-01 1.715505481481481576e-01
2.000000000000000000e+00 1.584200000000000053e-01 1.752894518518518796e-01
2.000000000000000000e+00 1.584200000000000053e-01 1.788967999999999947e-01
2.000000000000000000e+00 1.584200000000000053e-01 1.821237037037036766e-01
2.000000000000000000e+00 1.584200000000000053e-01 1.847639407407407064e-01
2.000000000000000000e+00 1.584200000000000053e-01 1.866823999999999706e-01
2.000000000000000000e+00 1.584200000000000053e-01 1.878435259259259027e-01
2.000000000000000000e+00 1.584200000000000053e-01 1.883397629629629255e-01
2.000000000000000000e+00 1.584200000000000053e-01 1.884200000000000041e-01
2.000000000000000000e+00 1.584200000000000053e-01 1.883397629629629810e-01
2.000000000000000000e+00 1.584200000000000053e-01 1.878435259259259305e-01
2.000000000000000000e+00 1.584200000000000053e-01 1.866823999999999983e-01
2.000000000000000000e+00 1.584200000000000053e-01 1.847639407407407619e-01
2.000000000000000000e+00 1.584200000000000053e-01 1.821237037037037321e-01
2.000000000000000000e+00 1.584200000000000053e-01 1.788968000000000225e-01
2.000000000000000000e+00 1.584200000000000053e-01 1.752894518518518796e-01
2.000000000000000000e+00 1.584200000000000053e-01 1.715505481481481576e-01
2.000000000000000000e+00 1.584200000000000053e-01 1.679432000000000147e-01
2.000000000000000000e+00 1.584200000000000053e-01 1.647162962962963328e-01
2.000000000000000000e+00 1.584200000000000053e-01 1.620760592592593030e-01
2.000000000000000000e+00 1.584200000000000053e-01 1.601576000000000111e-01
2.000000000000000000e+00 1.584200000000000053e-01 1.589964740740740790e-01
2.000000000000000000e+00 1.584200000000000053e-01 1.585002370370370561e-01
1.000000000000000000e+00 1.584200000000000053e-01 1.584200000000000053e-01
1.000000000000000000e+00 1.584200000000000053e-01 1.584200000000000053e-01
1.000000000000000000e+00 1.584200000000000053e-01 1.584200000000000053e-01
1.000000000000000000e+00 1.584200000000000053e-01 1.584200000000000053e-01
1.000000000000000000e+00 1.584200000000000053e-01 1.584200000000000053e-01
1.000000000000000000e+00 1.584200000000000053e-01 1.584200000000000053e-01
1.000000000000000000e+00 1.584200000000000053e-01 1.584200000000000053e-01
1.000000000000000000e+00 1.584200000000000053e-01 1.584200000000000053e-01
1.000000000000000000e+00 1.584200000000000053e-01 1.584200000000000053e-01
1.000000000000000000e+00 1.584200000000000053e-01 1.584200000000000053e-01
1.000000000000000000e+00 1.584200000000000053e-01 1.584200000000000053e-01
1.000000000000000000e+00 1.584200000000000053e-01 1.584200000000000053e-01
1.000000000000000000e+00 1.584200000000000053e-01 1.584200000000000053e-01
1.000000000000000000e+00 1.584200000000000053e-01 1.584200000000000053e-01
1.000000000000000000e+00 1.584200000000000053e-01 1.584200000000000053e-01
1.000000000000000000e+00 1.584200000000000053e-01 1.584200000000000053e-01
1.000000000000000000e+00 1.584200000000000053e-01 1.584200000000000053e-01
1.000000000000000000e+00 1.584200000000000053e-01 1.584200000000000053e-01
1.000000000000000000e+00 1.584200000000000053e-01 1.584200000000000053e-01
1.000000000000000000e+00 1.584200000000000053e-01 1.584200000000000053e-01
1.000000000000000000e+00 1.584200000000000053e-01 1.584200000000000053e-01
3.000000000000000000e+00 1.585002370370370284e-01 1.584200000000000053e-01
3.000000000000000000e+00 1.589964740740740790e-01 1.584200000000000053e-01
3.000000000000000000e+00 1.601576000000000111e-01 1.584200000000000053e-01
3.000000000000000000e+00 1.620760592592592475e-01 1.584200000000000053e-01
3.000000000000000000e+00 1.647162962962962773e-01 1.584200000000000053e-01
3.000000000000000000e+00 1.679431999999999869e-01 1.584200000000000053e-01
3.000000000000000000e+00 1.715505481481481576e-01 1.584200000000000053e-01
3.000000000000000000e+00 1.752894518518518796e-01 1.584200000000000053e-01
3.000000000000000000e+00 1.788967999999999947e-01 1.584200000000000053e-01
3.000000000000000000e+00 1.821237037037036766e-01 1.584200000000000053e-01
3.000000000000000000e+00 1.847639407407407064e-01 1.584200000000000053e-01
3.000000000000000000e+00 1.866823999999999706e-01 1.584200000000000053e-01
3.000000000000000000e+00 1.878435259259259027e-01 1.584200000000000053e-01
3.000000000000000000e+00 1.883397629629629255e-01 1.584200000000000053e-01
3.000000000000000000e+00 1.884200000000000041e-01 1.584200000000000053e-01
3.000000000000000000e+00 1.883397629629629810e-01 1.584200000000000053e-01
3.000000000000000000e+00 1.878435259259259305e-01 1.584200000000000053e-01
3.000000000000000000e+00 1.866823999999999983e-01 1.584200000000000053e-01
3.000000000000000000e+00 1.847639407407407619e-01 1.584200000000000053e-01
3.000000000000000000e+00 1.821237037037037321e-01 1.584200000000000053e-01
3.000000000000000000e+00 1.788968000000000225e-01 1.584200000000000053e-01
3.000000000000000000e+00 1.752894518518518796e-01 1.584200000000000053e-01
3.000000000000000000e+00 1.715505481481481576e-01 1.584200000000000053e-01
3.000000000000000000e+00 1.679432000000000147e-01 1.584200000000000053e-01
3.000000000000000000e+00 1.647162962962963328e-01 1.584200000000000053e-01
3.000000000000000000e+00 1.620760592592593030e-01 1.584200000000000053e-01
3.000000000000000000e+00 1.601576000000000111e-01 1.584200000000000053e-01
3.000000000000000000e+00 1.589964740740740790e-01 1.584200000000000053e-01
3.000000000000000000e+00 1.585002370370370561e-01 1.584200000000000053e-01
1.000000000000000000e+00 1.584200000000000053e-01 1.584200000000000053e-01
1.000000000000000000e+00 1.584200000000000053e-01 1.584200000000000053e-01
1.000000000000000000e+00 1.584200000000000053e-01 1.584200000000000053e-01
1.000000000000000000e+00 1.584200000000000053e-01 1.584200000000000053e-01
1.000000000000000000e+00 1.584200000000000053e-01 1.584200000000000053e-01
1.000000000000000000e+00 1.584200000000000053e-01 1.584200000000000053e-01
1.000000000000000000e+00 1.584200000000000053e-01 1.584200000000000053e-01
1.000000000000000000e+00 1.584200000000000053e-01 1.584200000000000053e-01
1.000000000000000000e+00 1.584200000000000053e-01 1.584200000000000053e-01
1.000000000000000000e+00 1.584200000000000053e-01 1.584200000000000053e-01
1.000000000000000000e+00 1.584200000000000053e-01 1.584200000000000053e-01
1.000000000000000000e+00 1.584200000000000053e-01 1.584200000000000053e-01
1.000000000000000000e+00 1.584200000000000053e-01 1.584200000000000053e-01
1.000000000000000000e+00 1.584200000000000053e-01 1.584200000000000053e-01
1.000000000000000000e+00 1.584200000000000053e-01 1.584200000000000053e-01
1.000000000000000000e+00 1.584200000000000053e-01 1.584200000000000053e-01
1.000000000000000000e+00 1.584200000000000053e-01 1.584200000000000053e-01
1.000000000000000000e+00 1.584200000000000053e-01 1.584200000000000053e-01
1.000000000000000000e+00 1.584200000000000053e-01 1.584200000000000053e-01
1.000000000000000000e+00 1.584200000000000053e-01 1.584200000000000053e-01
1.000000000000000000e+00 1.584200000000000053e-01 1.584200000000000053e-01
2.000000000000000000e+00 1.584200000000000053e-01 1.585002370370370284e-01
2.000000000000000000e+00 1.584200000000000053e-01 1.589964740740740790e-01
2.000000000000000000e+00 1.584200000000000053e-01 1.601576000000000111e-01
2.000000000000000000e+00 1.584200000000000053e-01 1.620760592592592475e-01
2.000000000000000000e+00 1.584200000000000053e-01 1.647162962962962773e-01
2.000000000000000000e+00 1.584200000000000053e-01 1.679431999999999869e-01
2.000000000000000000e+00 1.584200000000000053e-01 1.715505481481481576e-01
2.000000000000000000e+00 1.584200000000000053e-01 1.752894518518518796e-01
2.000000000000000000e+00 1.584200000000000053e-01 1.788967999999999947e-01
2.000000000000000000e+00 1.584200000000000053e-01 1.821237037037036766e-01
2.000000000000000000e+00 1.584200000000000053e-01 1.847639407407407064e-01
2.000000000000000000e+00 1.584200000000000053e-01 1.866823999999999706e-01
2.000000000000000000e+00 1.584200000000000053e-01 1.878435259259259027e-01
2.000000000000000000e+00 1.584200000000000053e-01 1.883397629629629255e-01
2.000000000000000000e+00 1.584200000000000053e-01 1.884200000000000041e-01
2.000000000000000000e+00 1.584200000000000053e-01 1.883397629629629810e-01
2.000000000000000000e+00 1.584200000000000053e-01 1.878435259259259305e-01
2.000000000000000000e+00 1.584200000000000053e-01 1.866823999999999983e-01
2.000000000000000000e+00 1.584200000000000053e-01 1.847639407407407619e-01
2.000000000000000000e+00 1.584200000000000053e-01 1.821237037037037321e-01
2.000000000000000000e+00 1.584200000000000053e-01 1.788968000000000225e-01
2.000000000000000000e+00 1.584200000000000053e-01 1.752894518518518796e-01
2.000000000000000000e+00 1.584200000000000053e-01 1.715505481481481576e-01
2.000000000000000000e+00 1.584200000000000053e-01 1.679432000000000147e-01
2.000000000000000000e+00 1.584200000000000053e-01 1.647162962962963328e-01
2.000000000000000000e+00 1.584200000000000053e-01 1.620760592592593030e-01
2.000000000000000000e+00 1.584200000000000053e-01 1.601576000000000111e-01
2.000000000000000000e+00 1.584200000000000053e-01 1.589964740740740790e-01
2.000000000000000000e+00 1.584200000000000053e-01 1.585002370370370561e-01
1.000000000000000000e+00 1.584200000000000053e-01 1.584200000000000053e-01
1.000000000000000000e+00 1.584200000000000053e-01 1.584200000000000053e-01
1.000000000000000000e+00 1.584200000000000053e-01 1.584200000000000053e-01
1.000000000000000000e+00 1.584200000000000053e-01 1.584200000000000053e-01
1.000000000000000000e+00 1.584200000000000053e-01 1.584200000000000053e-01
1.000000000000000000e+00 1.584200000000000053e-01 1.584200000000000053e-01
1.000000000000000000e+00 1.584200000000000053e-01 1.584200000000000053e-01
1.000000000000000000e+00 1.584200000000000053e-01 1.584200000000000053e-01
1.000000000000000000e+00 1.584200000000000053e-01 1.584200000000000053e-01
1.000000000000000000e+00 1.584200000000000053e-01 1.584200000000000053e-01
