8.609452051588799282e-02 5.182368120431792945e-06
9.711690265026434732e-02 -4.246982112575006796e-02
1.090221561995820820e-01 -9.129397855913282123e-02
1.086419020442416228e-01 -9.620904484265316303e-02
1.057479710188370808e-01 -9.183761601867602986e-02
1.024984765248549007e-01 -8.584079338813858928e-02
9.935883893216884699e-02 -7.987605795603362757e-02
9.641866933843180887e-02 -7.421474473929944027e-02
9.368500752407653287e-02 -6.858014137145584943e-02
9.114924799551606116e-02 -6.148706746421552655e-02
8.957190227743042077e-02 -4.658837224820737422e-02
9.069075967103132352e-02 5.223658139023840130e-03
9.121327949201649132e-02 5.678107187152147545e-02
9.030461268434218647e-02 7.009996642296140168e-02
8.821995953067217344e-02 7.517321289196005063e-02
8.526420809295168213e-02 7.863155382610539923e-02
8.177683716266649638e-02 8.187985806601753846e-02
7.809615581098781900e-02 8.513649484947129198e-02
7.452709476137188427e-02 8.833981936105450572e-02
7.132554412157038337e-02 9.135901648128050279e-02
6.870092405201702612e-02 9.404886602238217430e-02
6.683226829311299244e-02 9.626764126739273397e-02
6.589158501284811398e-02 9.788433639000949926e-02
6.606899646280539606e-02 9.877994796444301839e-02
6.759433927338265313e-02 9.884145225238979982e-02
6.918448582002259539e-02 9.881708923749600582e-02
6.632660551853243602e-02 1.012317391858820054e-01
6.356521308372861667e-02 1.035180337644826393e-01
6.218679724526887664e-02 1.049573476966067925e-01
6.191925906773459304e-02 1.057314315379143804e-01
6.252813112862591616e-02 1.060224834311429554e-01
6.381163653874816211e-02 1.060010855263764512e-01
6.557983579110153449e-02 1.057135243171256900e-01
6.762981146852932446e-02 1.052783495275161352e-01
6.972113936756411945e-02 1.049251639635434691e-01
7.155836130962157926e-02 1.047854032857720857e-01
7.279144936007039823e-02 1.049579432931751211e-01
7.303745387580151682e-02 1.054849558897217182e-01
7.191970105254213985e-02 1.061532594495169235e-01
9.469895751017490260e-02 1.061872872289290753e-01
9.469840977760562994e-02 9.760406425541048869e-02
9.469431651260402927e-02 4.965067496964110927e-02
9.467432766115950471e-02 1.525305940821787684e-03
9.460416345294928031e-02 -8.123682848684470048e-03
9.441585027903612315e-02 -9.251055579268922108e-03
9.401025194035315946e-02 -8.518001253899573980e-03
9.328080161251864344e-02 -7.406428870021933460e-03
9.214889622978222894e-02 -6.248501871172728629e-03
9.059192989871293900e-02 -5.121179840268838025e-03
8.865074181206732129e-02 -4.043724985830342983e-03
8.641656941275661918e-02 -3.020753931508874529e-03
8.400697681542047823e-02 -2.051581776906665974e-03
8.154155830416660866e-02 -1.239784825651999963e-03
7.912426169466368897e-02 -5.961823325937675279e-04
7.683406781714231804e-02 -4.203165701957568880e-06
7.472296440763202818e-02 5.633666512315292467e-04
7.281868040870588532e-02 1.101961489257191010e-03
7.112972975416659294e-02 1.546015464456780087e-03
6.965142346368251303e-02 1.574334789984688709e-03
6.837394169955036960e-02 -2.788458925325296590e-04
6.313032923817828157e-02 -1.294717653453879291e-02
6.674186905495804734e-02 -5.990820244929145888e-02
6.952156990964081240e-02 -1.070273049973298057e-01
7.049321433365229872e-02 -1.164021180118053750e-01
7.000984988411725063e-02 -1.179442276241822324e-01
6.843089267811214294e-02 -1.182309999190807731e-01
6.614007721523437744e-02 -1.186171745486794826e-01
6.351707547100793327e-02 -1.192713505809645663e-01
6.090568170610463627e-02 -1.200844177492791931e-01
5.859688714460940806e-02 -1.208828142162404751e-01
5.683012881073826184e-02 -1.214848749033204806e-01
5.580840574308283675e-02 -1.217192678696686486e-01
5.572117671466750993e-02 -1.214317818274738836e-01
5.676977974415737399e-02 -1.204852189473719359e-01
5.919037728523574710e-02 -1.187510128194322057e-01
6.160108403132493610e-02 -1.170683506113629757e-01
5.920881410831248942e-02 -1.182488559825711910e-01
5.689035090435792807e-02 -1.193860850281314168e-01
5.600959281259153960e-02 -1.196757911167850158e-01
5.626607737669613030e-02 -1.193218925996198526e-01
5.740106839904856456e-02 -1.185246903306523825e-01
5.919338989120162542e-02 -1.174683840862037754e-01
6.143846903570321372e-02 -1.162091062903269217e-01
6.392328124404640655e-02 -1.148722915215150547e-01
6.640086324447475041e-02 -1.136925861649550340e-01
6.857140700589930971e-02 -1.128057959025012269e-01
7.008204780615062690e-02 -1.123150280597726008e-01
7.054812127972862057e-02 -1.122667018287199225e-01
6.959219478883407750e-02 -1.124515945614519979e-01
9.469895147699103344e-02 -1.120658805891269760e-01
9.469833682539312292e-02 -1.031303480585616245e-01
9.469378925060599472e-02 -5.475461588567891863e-02
9.467178074685064781e-02 -6.176366449157439514e-03
9.459529667936328323e-02 3.946628613757953083e-03
9.439197676963614891e-02 5.559515957955517979e-03
9.395798561701143581e-02 5.328241155482061307e-03
9.318403719873118163e-02 4.739601252016075947e-03
9.199253642035003231e-02 4.127027599733536396e-03
9.036567479646941126e-02 3.564111730244927043e-03
8.835137654582081446e-02 3.062669163515151140e-03
8.604818191225552249e-02 2.617322014076179943e-03
8.357951540296260085e-02 2.216676243674913036e-03
8.106856207307375217e-02 1.954443027327751759e-03
7.862060904620214730e-02 1.833474513219597330e-03
7.631420215941077390e-02 1.731590808158678515e-03
7.419969585339498963e-02 1.618292716997298247e-03
7.230258078106957531e-02 1.496896357121750738e-03
7.062896639610526106e-02 1.433311492878842821e-03
6.917184561702424683e-02 1.750118835008874921e-03
6.791917419959726809e-02 3.914557502169545462e-03
6.277927332981186881e-02 1.199864775257344918e-02
6.644153037898010983e-02 5.908519886140040783e-02
6.926144247169614687e-02 1.063125312286478108e-01
7.026617282194017045e-02 1.157676822979676751e-01
6.980547180926575945e-02 1.173675327030411220e-01
6.824099461901336761e-02 1.176950173683186940e-01
6.595916639994120478e-02 1.181099672127635114e-01
6.334207992542952026e-02 1.187856062419311437e-01
6.073567371772076173e-02 1.196169256054482877e-01
5.843280746434161704e-02 1.204338680054499316e-01
5.667444430308705983e-02 1.210576344441249563e-01
5.566468955332961460e-02 1.213191225976380239e-01
5.559366274384409251e-02 1.210657599526932804e-01
5.666298106364808795e-02 1.201614911282969100e-01
5.910886453920451145e-02 1.184785515429966907e-01
6.154197783446239273e-02 1.168431246420050668e-01
5.914891599133543371e-02 1.180290029046082850e-01
5.683053444017611977e-02 1.191721459742728362e-01
5.595589753809548927e-02 1.194784676132186058e-01
5.622226410112167450e-02 1.191484135821397755e-01
5.736910559652641517e-02 1.183792989700689913e-01
5.917391887196980782e-02 1.173528508950498761e-01
6.143118779313939959e-02 1.161231893267022780e-01
6.392723862079820185e-02 1.148141444400509192e-01
6.641464237241728741e-02 1.136590778502085258e-01
6.859318357089630447e-02 1.127927024112155285e-01
7.010957647268581394e-02 1.123171495649186724e-01
7.057869095034420559e-02 1.122779266563590644e-01
6.962258990710255835e-02 1.124649304163412300e-01
9.469895195195542070e-02 1.131644231927674549e-01
9.469834445174626913e-02 1.046500693843702284e-01
9.469478502000609754e-02 5.665967796603856022e-02
9.467213433850590887e-02 8.490068962586878182e-03
9.459666033082848868e-02 -1.156854414262107385e-03
9.439597485395510856e-02 -2.213376952932260850e-03
9.396738034030152620e-02 -1.344091473467249297e-03
9.320249510841614737e-02 -4.591602962641162008e-05
9.202390847916114280e-02 1.327020279231798860e-03
9.041308965758504401e-02 2.673257257865740977e-03
8.841653485294419246e-02 3.950964460792188646e-03
8.613108145150978612e-02 5.138212305033567490e-03
8.367860514939907957e-02 6.225135089893540224e-03
8.118116402068256687e-02 7.104198223930211116e-03
7.874343689494535392e-02 7.765906534818534449e-03
7.644383981382572857e-02 8.331834709423006219e-03
7.433294057288894474e-02 8.836301620747328070e-03
7.243665149129577263e-02 9.282613387361865129e-03
7.076159016349634068e-02 9.612900625702339510e-03
6.930122923276207936e-02 9.512779107175075091e-03
6.804377706931145908e-02 7.521304288166220410e-03
6.277093000227527975e-02 -1.229453520556483825e-02
6.642830445345447588e-02 -5.938132939133250465e-02
6.924216850610788454e-02 -1.066107257342637366e-01
7.024583094846849340e-02 -1.160649955565176694e-01
6.978428322405037798e-02 -1.176650513256013719e-01
6.821841619041552063e-02 -1.179942842404089476e-01
6.593477525650442983e-02 -1.184121732422560858e-01
6.331571910410999093e-02 -1.190914037284005328e-01
6.070742069459372781e-02 -1.199264100238675718e-01
5.840291890721160256e-02 -1.207466236997653958e-01
5.664332001251685261e-02 -1.213728066370698827e-01
5.563285584443508625e-02 -1.216354931208744189e-01
5.556175998496602764e-02 -1.213818112064770777e-01
5.663174362981737708e-02 -1.204754462494274647e-01
5.907909660411665015e-02 -1.187883770059013216e-01
6.151358340332343383e-02 -1.171490132867711309e-01
5.911906610150455960e-02 -1.183383466601327788e-01
5.679936518647058646e-02 -1.194847376092169344e-01
5.592431287270577256e-02 -1.197920814581881210e-01
5.619092478299909932e-02 -1.194613737775805234e-01
5.733843821538956581e-02 -1.186904318629998512e-01
5.914415016612019349e-02 -1.176614243902945195e-01
6.140241574897555010e-02 -1.164288376470476449e-01
6.389945906590374647e-02 -1.151168334636052115e-01
6.638774114996262576e-02 -1.139590931900686527e-01
6.856692697392435809e-02 -1.130906288817694061e-01
7.008355046493555673e-02 -1.126138924318716567e-01
7.055223985496378303e-02 -1.125747571496663740e-01
6.959483510285334462e-02 -1.127635031648188124e-01
9.469895000033783095e-02 -1.127717701377274201e-01
9.469832059780433631e-02 -1.039834704521918479e-01
9.469368785931450705e-02 -5.568241994661145972e-02
9.467136044156600205e-02 -7.148536190704254077e-03
9.459401778497888991e-02 2.934762885730668545e-03
9.438894323814528420e-02 4.525463558948770483e-03
9.395210495195469025e-02 4.300095509450361543e-03
9.317435579242937249e-02 3.755889896965199266e-03
9.197856820590141758e-02 3.234923973412091175e-03
9.034755074289468890e-02 2.815478918715936391e-03
