8.619382677745619781e-02 5.182198902623620970e-06
1.033374421258273917e-01 -6.883316775665482279e-02
1.047593069008069533e-01 -7.933782691922279529e-02
1.028466665970161065e-01 -7.719690460372445606e-02
1.003427809983006014e-01 -7.254563453242919568e-02
9.784745367580469089e-02 -6.761257228787219409e-02
9.548460666793359697e-02 -6.285382938292725929e-02
9.327299331616846489e-02 -5.826123291246911029e-02
9.120857750171509903e-02 -5.340302348295838941e-02
8.928280936449436989e-02 -4.630809923870053690e-02
8.748665131836264042e-02 -2.815915927801147106e-02
8.581143838678698121e-02 4.063999985452769470e-02
8.424903704646476144e-02 5.831909926702867619e-02
8.279185029359353853e-02 6.447231335496929339e-02
8.143279056080199307e-02 6.791357958065795397e-02
8.016524738909251713e-02 7.061261123471160306e-02
7.898305570813637932e-02 7.301674001986843687e-02
7.788046590657357604e-02 7.523418925134531254e-02
7.685211584337650614e-02 7.729719859490047362e-02
7.589300472973981027e-02 7.922056549718958784e-02
7.499846876871756052e-02 8.101469808778494208e-02
7.416415843699293575e-02 8.268855193982269092e-02
7.338601729864575873e-02 8.425031534860710769e-02
7.266026224770075204e-02 8.570759186837512145e-02
7.198336508309167991e-02 8.706746905901038835e-02
7.135203532615512489e-02 8.833656005688092505e-02
7.076320419682873009e-02 8.952103735314326238e-02
7.021400967038486651e-02 9.062666319892145883e-02
6.970178254180603439e-02 9.165881768714199962e-02
6.922403342982687280e-02 9.262252464811915331e-02
6.877844065725116640e-02 9.352247458396793778e-02
6.836283894841363451e-02 9.436304049930918647e-02
6.797520888857241927e-02 9.497417423138665438e-02
6.761366709340990711e-02 9.550657302536429138e-02
6.727645703881267314e-02 9.599467188582143373e-02
6.696194049770301526e-02 9.644340026481383610e-02
6.666858950387710703e-02 9.683511863384151874e-02
6.639497863143230261e-02 9.707557117037118877e-02
6.613977677746564476e-02 9.673181239918091090e-02
6.590173492368012198e-02 9.384922236648336746e-02
6.567965414575921423e-02 7.962978444731816374e-02
6.547226322840592194e-02 1.449615287741694639e-02
6.527905315059187585e-02 2.363908006296072672e-04
6.509889301824320351e-02 -2.727042899496524841e-03
6.493086523270871768e-02 -3.192558780655632006e-03
6.477414447556924249e-02 -3.115381995928933473e-03
6.462796778101517758e-02 -2.929326020324220931e-03
6.449162506375086257e-02 -2.730000328565219958e-03
6.436445438477909897e-02 -2.537873763801555809e-03
6.424583844769228558e-02 -2.356758905493814074e-03
6.413520153372072319e-02 -2.186812939169439484e-03
6.403200668836996068e-02 -2.027431437651285549e-03
6.393575310764927633e-02 -2.052011982166655583e-03
6.384597370264671889e-02 -2.112946495020581045e-03
6.376223282869634967e-02 -2.178675589383378616e-03
6.368412416765814599e-02 -2.246952882726072770e-03
6.361126875290415428e-02 -2.337923011604806089e-03
6.354331312737335202e-02 -2.548181453082519476e-03
6.347992762572161884e-02 -3.312859321600251233e-03
6.342080477220241042e-02 -6.588618829813083777e-03
6.336565778647763880e-02 -2.117538541153016901e-02
6.331421919008504984e-02 -8.665228947432823681e-02
6.326623950677844055e-02 -1.012329370382980265e-01
6.322148605041438829e-02 -1.044964310351721160e-01
6.317974179448615502e-02 -1.052426441041801886e-01
6.314080431780243197e-02 -1.054281708820248298e-01
6.310448482118018176e-02 -1.054881084187448831e-01
6.307060721036628070e-02 -1.055192701206511541e-01
6.303900724072555861e-02 -1.055432549438473366e-01
6.300953171953320442e-02 -1.055649369643667512e-01
6.298203776199064186e-02 -1.055854699049728340e-01
6.295639209734503472e-02 -1.056051787813307857e-01
6.293247042173698291e-02 -1.056242031092282235e-01
6.291015679462803878e-02 -1.056426402081959842e-01
6.288934307587233652e-02 -1.056605773618762290e-01
6.286992840069417776e-02 -1.056780992707022776e-01
6.285181869001800481e-02 -1.056952900136622076e-01
6.283492619376943034e-02 -1.057122337832251957e-01
6.281916906492615582e-02 -1.057290152983685894e-01
6.280447096224787973e-02 -1.057457198977350826e-01
6.279076067975299102e-02 -1.057624324120512854e-01
6.277797180114082221e-02 -1.057792305558276080e-01
6.276604237747927806e-02 -1.056220603319443646e-01
6.275491462659082975e-02 -1.054378830927688165e-01
6.274453465267562646e-02 -1.052576496935920258e-01
6.273485218480855108e-02 -1.050830402099522942e-01
6.272582033303943094e-02 -1.048933846833788180e-01
6.271739536091093525e-02 -1.045916010489857939e-01
6.270953647328841862e-02 -1.037421080131779305e-01
6.270220561847064666e-02 -1.003878273922784170e-01
6.269536730362007537e-02 -8.572844994995464096e-02
6.268898842261523552e-02 -2.018449176625747646e-02
6.268303809548951555e-02 -5.542021874913944518e-03
6.267748751867553703e-02 -2.221639386691703910e-03
6.267230982532812078e-02 -1.423199254816959192e-03
6.266747995504694246e-02 -1.189858677605019205e-03
6.266297453236631398e-02 -1.086295497943597088e-03
6.265877175342157712e-02 -1.015493182378077175e-03
6.265485128024193828e-02 -9.556706043241536969e-04
6.265119414215609972e-02 -9.017912897656089541e-04
6.264778264383207007e-02 -8.525565916055876260e-04
6.264460027950449761e-02 -8.075063540353628107e-04
6.264163165297292890e-02 -5.922501114368839206e-04
6.263886240298277563e-02 -3.534699248862113730e-04
6.263627913362637689e-02 -1.218615271622557061e-04
6.263386934942669071e-02 1.011341922301546570e-04
6.263162139478795076e-02 3.364131201999756571e-04
6.262952439751982847e-02 6.812713957551237709e-04
6.262756821616062564e-02 1.571493614852856324e-03
6.262574339084418795e-02 4.964351469535110972e-03
6.262404109747148062e-02 1.966033883497452298e-02
6.262245310496510065e-02 8.523911628644084693e-02
6.262097173539887818e-02 9.991478431611489075e-02
6.261958982680909669e-02 1.032669070365561659e-01
6.261830069850705949e-02 1.040957872188832539e-01
6.261709811872462339e-02 1.043584206739805592e-01
6.261597627443564462e-02 1.044902786186846094e-01
6.261492974320710669e-02 1.045885234376327244e-01
6.261395346694312303e-02 1.046750795731447026e-01
6.261304272739483257e-02 1.047551246774288958e-01
6.261219312331700593e-02 1.048300956148640189e-01
6.261140054916074227e-02 1.049005814842480511e-01
6.261066117519904772e-02 1.049669681093918366e-01
6.260997142898856727e-02 1.050295825396566907e-01
6.260932797807806927e-02 1.050887263266092331e-01
6.260872771387934743e-02 1.051446840177922837e-01
6.260816773662261636e-02 1.051977260894512017e-01
6.260764534132341741e-02 1.052481105870200218e-01
6.260715800469293657e-02 1.052960843827133730e-01
6.260670337292824350e-02 1.053418840563630499e-01
6.260627925032358210e-02 1.053857355024638565e-01
6.260588358864706271e-02 1.054278480070233448e-01
6.260551447723150531e-02 1.052942902911538636e-01
6.260517013373140260e-02 1.051321381681609712e-01
6.260484889550124721e-02 1.049724492528160691e-01
6.260454921155321484e-02 1.048170031970843824e-01
6.260426963505556774e-02 1.046452229193637479e-01
6.260400881633522430e-02 1.043601129830156737e-01
6.260376549635054966e-02 1.035261728946437476e-01
6.260353850060289271e-02 1.001863998349752094e-01
6.260332673345728183e-02 8.554055486212899795e-02
6.260312917284481526e-02 2.000921962186517217e-02
6.260294486532100300e-02 5.378524303114352173e-03
6.260277292145638439e-02 2.069125058153480079e-03
6.260261251153655115e-02 1.280930044852277710e-03
6.260246286155141116e-02 1.057146087495703518e-03
6.260232324945382010e-02 9.624973170775010661e-04
6.260219300166965095e-02 9.000103749847426088e-04
6.260207148984224534e-02 8.479444056907828320e-04
6.260195812779580093e-02 8.013004978320329916e-04
6.260185236870251246e-02 7.588150407870730783e-04
6.260175370244033810e-02 7.200605590073471535e-04
6.260166165312798514e-02 5.106770694417901713e-04
6.260157577682573526e-02 2.773750658930148466e-04
6.260149565939049365e-02 5.087680192723299799e-05
6.260142091447516710e-02 -1.673520954819773116e-04
6.260135118166229584e-02 -3.981844391292045648e-04
6.260128612472301568e-02 -7.388948453715613041e-04
6.260122542999312090e-02 -1.625247834618061965e-03
6.260116880485801227e-02 -5.014496373126616641e-03
6.260111597633952196e-02 -1.970711686926214165e-02
6.260106668977770406e-02 -8.528275360578399522e-02
6.260102070760099890e-02 -9.995549187767886756e-02
6.260097780817915070e-02 -1.033048816219616639e-01
6.260093778475303572e-02 -1.041312123871457884e-01
6.260090044443647472e-02 -1.043914676503627514e-01
6.260086560728490845e-02 -1.045211071237729938e-01
6.260083310542688406e-02 -1.046172824606608626e-01
6.260080278225359229e-02 -1.047019080933132285e-01
6.260077449166294439e-02 -1.047801523367211940e-01
6.260074809735442780e-02 -1.048534433456203563e-01
6.260072347217125743e-02 -1.049223620945416713e-01
6.260070049748671372e-02 -1.049872868290455119e-01
6.260067906263171167e-02 -1.050485375295472507e-01
6.260065906436074190e-02 -1.051064091537296241e-01
6.260064040635375526e-02 -1.051611800983742462e-01
6.260062299875131242e-02 -1.052131151022967365e-01
6.260060675772123606e-02 -1.052624668590455836e-01
6.260059160505403175e-02 -1.053094772485753949e-01
6.260057746778564802e-02 -1.053543781939080548e-01
6.260056427784559119e-02 -1.053973912456290241e-01
6.260055197172847974e-02 -1.054387216377038750e-01
6.260054049018788647e-02 -1.053044343114516446e-01
6.260052977795046991e-02 -1.051416015543338578e-01
6.260051978344954859e-02 -1.049812776921581758e-01
6.260051045857632779e-02 -1.048252393088853485e-01
6.260050175844800169e-02 -1.046529064610171589e-01
6.260049364119132931e-02 -1.043672810422755226e-01
6.260048606774072655e-02 -1.035328600689602030e-01
6.260047900164993073e-02 -1.001926383987781777e-01
6.260047240891632170e-02 -8.554637492286999711e-02
6.260046625781703900e-02 -2.001464926557328800e-02
6.260046051875603479e-02 -5.383589730171067095e-03
6.260045516412141020e-02 -2.073850709944053544e-03
6.260045016815239671e-02 -1.285338721906930520e-03
6.260044550681513609e-02 -1.061259059692638146e-03
6.260044115768693962e-02 -9.663344264415115598e-04
6.260043709984818017e-02 -9.035901315789206245e-04
6.260043331378155329e-02 -8.512840770657278261e-04
6.260042978127793034e-02 -8.044161924655205895e-04
