3.194239673873968363e-09 -7.625849401752220163e-06
-1.546211438876303745e-01 -4.690677118848238236e-02
-4.881642849306957466e-01 -1.447802736788119660e-01
-8.427472736086167870e-01 -2.417327546537596517e-01
-1.185999693196935212e+00 -3.272148582452525378e-01
-1.513286596083747604e+00 -3.998170491120374148e-01
-1.825938432243519038e+00 -4.600930114534327320e-01
-2.126229056582410237e+00 -5.089587786733638097e-01
-2.415390559345805599e+00 -5.473420004941884631e-01
-2.689214192478113219e+00 -5.761437323597919935e-01
-2.919224507631309251e+00 -5.964503778592069594e-01
-2.968190285761687974e+00 -6.107607585402496930e-01
-2.837565175692883912e+00 -6.212903272331526949e-01
-2.667333460966222702e+00 -6.281625671586557047e-01
-2.488652496894665944e+00 -6.317501049499498755e-01
-2.308436070496970416e+00 -6.324864382449302269e-01
-2.128161637106659398e+00 -6.307916231505577009e-01
-1.948054288163806547e+00 -6.270493690891778549e-01
-1.768019609936560599e+00 -6.216029194146202030e-01
-1.587853453176998109e+00 -6.147565501954153078e-01
-1.407290567505103951e+00 -6.067784121016774890e-01
-1.226017026111506425e+00 -5.979034794769417793e-01
-1.043674226025352425e+00 -5.883362761549641995e-01
-8.598606572657545577e-01 -5.782532974431413564e-01
-6.741328337221452749e-01 -5.678051129025889487e-01
-4.860057099085604015e-01 -5.571181501951025794e-01
-2.949526682577185976e-01 -5.462961628003737413e-01
-1.004051063381362630e-01 -5.354213832862251277e-01
9.824836094781408402e-02 -5.245553614061229109e-01
3.016630739680068451e-01 -5.137394831457913202e-01
5.105398663926381531e-01 -5.029951629838667060e-01
7.256269506443615569e-01 -4.923236968108788414e-01
9.473349964894683950e-01 -4.816937617307190944e-01
1.176064954158742459e+00 -4.710518849652129969e-01
1.412664387655931719e+00 -4.603359507327846600e-01
1.658107187607276600e+00 -4.494631315137398442e-01
1.913382631413576007e+00 -4.383242723544227282e-01
2.179280089237719764e+00 -4.267757847591695519e-01
2.455471052102859986e+00 -4.146159854457982519e-01
2.736377985652733713e+00 -4.014986062196554961e-01
2.992577928116402219e+00 -3.865994651746562649e-01
3.087129158870661527e+00 -3.673428483004028688e-01
3.020350422671064905e+00 -3.451485472857795944e-01
2.929900093547921358e+00 -3.235447734827696653e-01
2.845973411656313345e+00 -3.031075045358447850e-01
2.774928508947487771e+00 -2.838213165026849394e-01
2.717879328211052936e+00 -2.655636257094886599e-01
2.674829204768716551e+00 -2.481996660741346838e-01
2.645589139912084775e+00 -2.315991689936347520e-01
2.629981231482387827e+00 -2.156376181717407636e-01
2.627883332109876235e+00 -2.001945925500810963e-01
2.639238589615574782e+00 -1.851516270116477791e-01
2.663670562921417684e+00 -1.703913429460409690e-01
2.700808141233801862e+00 -1.557981756459453360e-01
2.750739217407634385e+00 -1.412537338043111657e-01
2.813688284298036635e+00 -1.266329421514162945e-01
2.889902699234438543e+00 -1.118021959681866351e-01
2.979434284329393279e+00 -9.662040622751300045e-02
3.081217472818922332e+00 -8.095435108706061644e-02
3.188930828920160110e+00 -6.476706822240929640e-02
3.272377976252203169e+00 -4.857310772948836286e-02
3.193742960940243236e+00 -3.572078447010962332e-02
2.952712899635994148e+00 -2.786889530049413422e-02
2.686433809695428110e+00 -2.276986977079648033e-02
2.424383200938290628e+00 -1.961698845935461177e-02
2.172140465628091377e+00 -1.802208700274815500e-02
1.930010471109339321e+00 -1.773285337968599773e-02
1.697160644497870408e+00 -1.855335879661551557e-02
1.472537248124288212e+00 -2.032029403730800654e-02
1.255065571579933703e+00 -2.289417275093197368e-02
1.043690890784523262e+00 -2.615465580497122744e-02
8.373840027780512507e-01 -2.999716734254576078e-02
6.351388729043407899e-01 -3.433004821966711972e-02
4.359685239181774197e-01 -3.907201899227957798e-02
2.389005323732673602e-01 -4.414985874303270497e-02
4.297243402818129443e-02 -4.949624211314523903e-02
-1.527729001502100559e-01 -5.504768817232444378e-02
-3.492919121925481818e-01 -6.074257920122719256e-02
-5.475450392408225397e-01 -6.651920948387615717e-02
-7.485014440980268802e-01 -7.231382489402360392e-02
-9.531438091246666744e-01 -7.805861361831192835e-02
-1.162473199016166525e+00 -8.367960656203143888e-02
-1.377128923529065574e+00 -8.907913570672781889e-02
-1.597716738484613153e+00 -9.414837339407201855e-02
-1.825265160785670027e+00 -9.878314258686324290e-02
-2.060909236707349379e+00 -1.028672792490179233e-01
-2.305782096316310259e+00 -1.062649792620772166e-01
-2.560802294088235342e+00 -1.088104117802103643e-01
-2.825760961106370317e+00 -1.102780618017421971e-01
-3.095207218946248062e+00 -1.102736800181209481e-01
-3.339917576472926086e+00 -1.078081575478843090e-01
-3.423495712346799280e+00 -9.963580497625208754e-02
-3.346206856530345775e+00 -8.741065184936891441e-02
-3.245221910997361903e+00 -7.549820077465538293e-02
-3.150690696176877026e+00 -6.461457282071571273e-02
-3.069011511669270220e+00 -5.474423039783000988e-02
-3.001349655481718059e+00 -4.574004796378872140e-02
-2.947756178041634811e+00 -3.744184008767292848e-02
-2.908083702288298156e+00 -2.969741846839620003e-02
-2.882189920018140228e+00 -2.236429304418790370e-02
-2.869982787717185957e+00 -1.530769792093288756e-02
-2.871430654274451655e+00 -8.398024296786099629e-03
-2.886178558981411513e+00 -1.508630750835814049e-03
-2.913872915130117036e+00 5.482652313408040157e-03
-2.954615000666043656e+00 1.269757845439448488e-02
-3.008639639615250161e+00 2.026268150519318356e-02
-3.076202009138013338e+00 2.831163225877364811e-02
-3.157359784336600583e+00 3.698469797637508882e-02
-3.251052383489467346e+00 4.641461871377740994e-02
-3.350966044068314886e+00 5.664254611709455822e-02
-3.426928380343834846e+00 6.717953111917900066e-02
-3.341217238235479670e+00 7.478969255306601449e-02
-3.093470711709819909e+00 7.772920728906482224e-02
-2.820709326009321671e+00 7.806825545036365221e-02
-2.552391490753450398e+00 7.658763723956883707e-02
-2.294096658416190593e+00 7.367741254045614974e-02
-2.046131722254923346e+00 6.959526700979183633e-02
-1.807665011553668322e+00 6.454149754322065224e-02
-1.577642222774084502e+00 5.868218335936085939e-02
-1.354986769187186191e+00 5.215810972098510606e-02
-1.138640963270164619e+00 4.508967052021044253e-02
-9.275717592517924714e-01 3.758046448185899807e-02
-7.207685802979053591e-01 2.972032300938031585e-02
-5.172393608483907279e-01 2.158799932120802206e-02
-3.160061726488463396e-01 1.325361698375891219e-02
-1.161007394786371383e-01 4.780939603865691501e-03
8.344009489623327447e-02 -3.770488491611864723e-03
2.835789377679491796e-01 -1.234328582470446689e-02
4.852824649875602248e-01 -2.088021935574738142e-02
6.895260975164352324e-01 -2.932219096414603182e-02
8.972987502768066115e-01 -3.760618357705983184e-02
1.109607657407266856e+00 -4.566312415705672118e-02
1.327098195472627751e+00 -5.340011173170462061e-02
1.550382054807937671e+00 -6.071302353461398293e-02
1.780493552421900993e+00 -6.750256807222033972e-02
2.018573382321282139e+00 -7.365751882562843189e-02
2.265760150474047663e+00 -7.904698378399317715e-02
2.522977690030044684e+00 -8.350984616485145062e-02
2.790022149723084155e+00 -8.682439850365868128e-02
3.061447159246524663e+00 -8.859607513485411034e-02
3.308032143474337161e+00 -8.781652180662287421e-02
3.393377480698152482e+00 -8.113376147050763154e-02
3.317754657576566402e+00 -7.019162943467990856e-02
3.218348252727238901e+00 -5.945987684394769129e-02
3.125313777263841075e+00 -4.968313057898769008e-02
3.045053485911404678e+00 -4.085654233190988416e-02
2.978736237226231154e+00 -3.283926798530700797e-02
2.926416509093593632e+00 -2.547611319216371711e-02
2.887950258911207158e+00 -1.861933665937942628e-02
2.863198417479512869e+00 -1.213054978901458719e-02
2.852072076303286963e+00 -5.878812350781936237e-03
2.854542607750049754e+00 2.618972336486963953e-04
2.870257940238001737e+00 6.415207752116246914e-03
2.898867254145239158e+00 1.270054248855913975e-02
2.940474490460402990e+00 1.923671960675445158e-02
2.995317015466694599e+00 2.614741858657935666e-02
3.063652422580618762e+00 3.356362932966767965e-02
3.145540668556616737e+00 4.162331552943776547e-02
3.239923282163186258e+00 5.045820075000637117e-02
3.340488277720812249e+00 6.011384725573404308e-02
3.417064003482096268e+00 7.012987310497703630e-02
3.331924979284888622e+00 7.740769130382998964e-02
3.084712436241941802e+00 8.020529398354971085e-02
2.812454665575888413e+00 8.045531331641325723e-02
2.544612594961325414e+00 7.890723891449431815e-02
2.286767113248824757e+00 7.594366498042322278e-02
2.039226333627253140e+00 7.182022484835225151e-02
1.801159754264658019e+00 6.673645026695834703e-02
1.571514213476096877e+00 6.085801426762381394e-02
1.349214236697681812e+00 5.432544240669787139e-02
1.133203212663747905e+00 4.725896388995286940e-02
9.224491305293520682e-01 3.976209323600004425e-02
7.159424029844241311e-01 3.192465263046667667e-02
5.126919056970109523e-01 2.382545827581543374e-02
3.117206013548661225e-01 1.553476733909216721e-02
1.120610530552147988e-01 7.116546860611217343e-03
-8.724910864162593871e-02 -1.369385685521033258e-03
-2.871717573947265567e-01 -9.865305481090047568e-03
-4.886728891083760296e-01 -1.831356491945144299e-02
-6.927272990235642247e-01 -2.665457853412651554e-02
-9.003233312349472328e-01 -3.482476709384160068e-02
-1.112467704838954852e+00 -4.275441812818900345e-02
-1.329805320051122841e+00 -5.035032944063631832e-02
-1.552947442162773584e+00 -5.750806878794583604e-02
-1.782928038160354944e+00 -6.412753153237500670e-02
-2.020887516814854123e+00 -7.009651488193392732e-02
-2.267964261237358059e+00 -7.528310793652387423e-02
-2.525081934073575951e+00 -7.952537164769143962e-02
-2.792036507380883492e+00 -8.260199583444322036e-02
-3.063381134236157877e+00 -8.412464661465278437e-02
-3.309893048707332142e+00 -8.311787509364754190e-02
-3.395161980063642559e+00 -7.638333310893662131e-02
-3.319456625319567422e+00 -6.556718207585757185e-02
-3.219969939952141758e+00 -5.498680544321080804e-02
-3.126859407633482135e+00 -4.535305004627560727e-02
-3.046527728195965068e+00 -3.665374003372562361e-02
-2.980143836776310451e+00 -2.874658246692543204e-02
-2.927762198478397693e+00 -2.147621511565436792e-02
-2.889238737590838824e+00 -1.469497930626951880e-02
