-1.549384819107751277e+00 -4.537630959334737479e-01
-4.225831045981791600e-01 -3.916848662051500285e-01
3.351082086117520564e-01 -2.881935441309068091e-01
7.681779156699735100e-01 -1.903213722134494690e-01
1.001908872752730106e+00 -1.180249590928441061e-01
1.142854316459564812e+00 -7.552789368328716169e-02
1.254870674071917769e+00 -5.768074064930864275e-02
1.366407884699743169e+00 -5.574528299334589876e-02
1.485837537790481333e+00 -6.153703539208417450e-02
1.613637617057952944e+00 -6.899239609085336400e-02
1.748883231659488224e+00 -7.395359873842789755e-02
1.891727398355625089e+00 -7.353603371339621775e-02
2.043467488858473846e+00 -6.588282353357709231e-02
2.204985121106686208e+00 -5.068280624413048358e-02
2.374421025316643785e+00 -3.036933245691416164e-02
2.543415356715654330e+00 -1.160443955438435898e-02
2.693511141928994768e+00 -6.973664077993763435e-03
2.796931508560956736e+00 -3.532896154208205880e-02
2.824142836017376368e+00 -1.179123356394550792e-01
2.764425918192300990e+00 -2.696700315433393502e-01
2.732435315037090806e+00 -4.871938838901888058e-01
2.567667780255782795e+00 -7.459461867028667204e-01
2.387975976627803476e+00 -1.061783662587953092e+00
2.221500932859226562e+00 -1.404649467950032315e+00
2.069334209320796258e+00 -1.732707884482695748e+00
1.914955177577970735e+00 -2.020620156423184710e+00
1.747348098268493910e+00 -2.256574583830889935e+00
1.561914933722812426e+00 -2.436291127021257719e+00
1.360195028250017257e+00 -2.561261310947910097e+00
1.148389799165718816e+00 -2.636999603140509851e+00
9.351711358804017937e-01 -2.670317735756965849e+00
7.284952932680106574e-01 -2.665311284418474980e+00
5.314023649528651916e-01 -2.618836726433654505e+00
3.383708290341588265e-01 -2.518698308809677933e+00
1.367642604650889382e-01 -2.349157501274927284e+00
-8.351539947729313962e-02 -2.101755220767918875e+00
-3.225009256896568255e-01 -1.781914208619175932e+00
-5.721785663997399629e-01 -1.407209440666326694e+00
-8.216827892278678602e-01 -1.001721566996573998e+00
-1.061521048867934969e+00 -5.905977572069629478e-01
-1.281306592317748905e+00 -2.160281860292913581e-01
-1.491412703088191405e+00 1.476846866584797247e-01
-1.690680885550025048e+00 4.742726781814680104e-01
-1.886898006802652628e+00 7.536175227744070781e-01
-2.091981999934730219e+00 9.871361111458619719e-01
-2.313530461785104020e+00 1.181542839516205756e+00
-2.554877492220005486e+00 1.354874711893789163e+00
-2.752833284883986487e+00 1.470461391359369152e+00
-2.874684548270965312e+00 1.488273249821273181e+00
-2.906194401778245506e+00 1.509478499486713643e+00
-2.882986976312254868e+00 1.496340374577509458e+00
-2.837701545404196946e+00 1.463982967405852875e+00
-2.791177402098424132e+00 1.424584099325085118e+00
-2.752992247619941768e+00 1.385915086695447496e+00
-2.726021062524782046e+00 1.352105199936916691e+00
-2.710096401742556615e+00 1.325153414470524371e+00
-2.704135532268297393e+00 1.306303802445827333e+00
-2.707148750190578212e+00 1.297044445382554700e+00
-2.718665843992862818e+00 1.299669707850676703e+00
-2.738955057839394858e+00 1.317301444963346446e+00
-2.769191606380493997e+00 1.353174309329817859e+00
-2.827946281706768872e+00 1.340917383527896911e+00
-2.869268066600036526e+00 1.473700758242671327e+00
-2.935893218415938311e+00 1.488663882683229689e+00
-3.029702781388162958e+00 1.639135061631421753e+00
-3.122885107321583753e+00 1.607698346913591703e+00
-3.234570698081833839e+00 1.584240028311799664e+00
-3.320199987044972101e+00 1.345823849629667501e+00
-3.300763731423558056e+00 9.818851449283845234e-01
-3.225688931224488520e+00 4.378259051618226261e-01
-3.061299855402376036e+00 -2.119345260148479682e-01
-2.861392315580762791e+00 -9.112174075366940018e-01
-2.633631061742451873e+00 -1.584242622083077645e+00
-2.444181185382028332e+00 -2.290643724131185888e+00
-2.231440407006571647e+00 -2.916640745281046332e+00
-1.999933805743936421e+00 -3.451228208546968546e+00
-1.756268274833855614e+00 -3.893822993828659929e+00
-1.507891074836882561e+00 -4.244769778309144037e+00
-1.263381762468373193e+00 -4.504980245588258825e+00
-1.029817553627211391e+00 -4.673063476241194891e+00
-8.081218028428397426e-01 -4.740847920027030149e+00
-5.899231224741188218e-01 -4.692597693710927942e+00
-3.615755047343067741e-01 -4.513644263192245987e+00
-1.145401291242099384e-01 -4.201240979218082927e+00
1.491913746212299163e-01 -3.767703219445855733e+00
4.203496452564092767e-01 -3.237550025430240286e+00
6.878473265102134082e-01 -2.641971543441550718e+00
9.427636385596748214e-01 -2.013967792197428164e+00
1.180986366700124579e+00 -1.384201720509046662e+00
1.404111614276547071e+00 -7.787839003952687911e-01
1.619144817599347475e+00 -2.179963621106909555e-01
1.835660468123515576e+00 2.832839163119240666e-01
2.059610884263412434e+00 7.135878859082044334e-01
2.284398739394378985e+00 1.062514468770676235e+00
2.482436690052526984e+00 1.318898707972774531e+00
2.606820685512919233e+00 1.470837684759938035e+00
2.624634423739534483e+00 1.517138564301354187e+00
2.583520374018402510e+00 1.497146872178795940e+00
2.524229506901781939e+00 1.585728425280431786e+00
2.493237697371425643e+00 1.565459177247270350e+00
2.438961398019756643e+00 1.406656355747833542e+00
2.427168810538571808e+00 1.369870491651701272e+00
2.399034288560137451e+00 1.236184726302906434e+00
2.406194568151806212e+00 1.246031755308543154e+00
2.398123626354758287e+00 1.160050566150851781e+00
2.417681707337462793e+00 1.190916869220129071e+00
2.427839551636799875e+00 1.135804260586994241e+00
2.455098752394616834e+00 1.174298874852782060e+00
2.486012354927711332e+00 1.137746339486200187e+00
2.524973926282545467e+00 1.143764567099067264e+00
2.569170369000242982e+00 1.177353409493297587e+00
2.619927629872915720e+00 1.231264475563547567e+00
2.680272136750753376e+00 1.303327140551147512e+00
2.755872853268809930e+00 1.389772649268419702e+00
2.850960995605952952e+00 1.471429113629195706e+00
2.965402562054037183e+00 1.511346751104757802e+00
3.085778323080493379e+00 1.454574698184556203e+00
3.178644470595289651e+00 1.252064538453705689e+00
3.191514707149325947e+00 8.822534071807006661e-01
3.093664684856579417e+00 3.473945278241383772e-01
2.934591493769585835e+00 -2.967377113626603613e-01
2.741519078586684977e+00 -9.415171951333703992e-01
2.565415622567960074e+00 -1.692871196839064396e+00
2.374907573162651442e+00 -2.372296297683624822e+00
2.169348297603947540e+00 -2.967386657984094178e+00
1.949113855649078797e+00 -3.477110319080841006e+00
1.716659651130952646e+00 -3.900233056837795420e+00
1.477890752548531195e+00 -4.236970677853091338e+00
1.241209531712544889e+00 -4.488178251021529341e+00
1.014327304909583560e+00 -4.651188929862295041e+00
7.993538895031295777e-01 -4.714526317409340805e+00
5.888986719777534740e-01 -4.658757545126109179e+00
3.689920347091700803e-01 -4.469390781370557342e+00
1.298603700147133999e-01 -4.147508702344105735e+00
-1.273799092551349821e-01 -3.708693933933882914e+00
-3.938098224843110118e-01 -3.179209136204179664e+00
-6.583230903456604999e-01 -2.591066960882942638e+00
-9.118586060221214318e-01 -1.976986952034588185e+00
-1.149908035383573335e+00 -1.366500825302739308e+00
-1.373632493874195726e+00 -7.835788692031941949e-01
-1.589513300804217266e+00 -2.456450180155621554e-01
-1.806682511822157666e+00 2.357841221944270704e-01
-2.030898874758776618e+00 6.526625845582507690e-01
-2.255501142437040585e+00 9.971099169152438657e-01
-2.453057129060421282e+00 1.258537409071147195e+00
-2.577093744590472468e+00 1.420578655700916126e+00
-2.595529891983104243e+00 1.474802422944362590e+00
-2.556058994144442487e+00 1.459329906001558763e+00
-2.655971745209805945e+00 1.608932258445608721e+00
-2.563189288293211909e+00 1.537193252370444130e+00
-2.450564856768993494e+00 1.412237496402275028e+00
-2.376778178983526502e+00 1.303805626394020312e+00
-2.340280131284889986e+00 1.231174025971663033e+00
-2.326013366840988805e+00 1.185610203454704026e+00
-2.324608929462858242e+00 1.160028687489322197e+00
-2.331311515123605904e+00 1.144565912836748911e+00
-2.345332074359575802e+00 1.135986431878089675e+00
-2.366362771961151967e+00 1.131697271026404827e+00
-2.394122823500280273e+00 1.131823229001276632e+00
-2.428038105162053650e+00 1.138702018822096429e+00
-2.467693794999861190e+00 1.156863152048316135e+00
-2.513748897763648849e+00 1.192299909056941942e+00
-2.568936589270869764e+00 1.249627178593817556e+00
-2.638467468717744069e+00 1.326430220974114782e+00
-2.728519359515157117e+00 1.405115823537223418e+00
-2.841286744165733680e+00 1.446312739072974196e+00
-2.965781946395860569e+00 1.388802359728898317e+00
-3.063689931351766482e+00 1.137051085721877630e+00
-3.093634003493677564e+00 7.519027339657022857e-01
-2.988510766933415663e+00 2.233081761468781457e-01
-2.823923358549413454e+00 -4.258329036098641440e-01
-2.628412901797427814e+00 -9.932548795780569151e-01
-2.429645756316182847e+00 -1.596901144313589871e+00
-2.248444240046268749e+00 -2.350295489795712456e+00
-2.046837577276193976e+00 -2.924433862845696730e+00
-1.843576422899949829e+00 -3.479397297364371422e+00
-1.605537191879749193e+00 -3.845562520947003904e+00
-1.390556907631899319e+00 -4.253214471038528011e+00
-1.167220411272378744e+00 -4.525351632793547019e+00
-9.173448743105316883e-01 -4.507745520383596549e+00
-7.162710978361948033e-01 -4.630566729469158815e+00
