4.555736790955000615e-01 4.485981968179564294e-02
4.902696191982429674e-01 9.719528017792927743e-02
4.581590872365286504e-01 7.671018806672530443e-02
4.920776980615864105e-01 4.701983921885913298e-02
5.851097352229812643e-01 1.890279225416750808e-02
7.135712249788075390e-01 -2.878851651305525117e-03
8.574682337269301513e-01 -1.721648486932400579e-02
1.005180475548560715e+00 -2.519974903211484596e-02
1.151996030816515137e+00 -2.876022064524025312e-02
1.297111528271202019e+00 -2.969693369916799608e-02
1.441261520571729626e+00 -2.930941802840851540e-02
1.585460059599620664e+00 -2.845152837985440164e-02
1.730521721939182633e+00 -2.768366516410034062e-02
1.877050343889300699e+00 -2.733259634389642589e-02
2.025742759941815407e+00 -2.736818526218473546e-02
2.177842493233722365e+00 -2.711403860355079964e-02
2.335875453416678127e+00 -2.487989690523759179e-02
2.504362655546813698e+00 -1.753053833525089478e-02
2.689698017852489187e+00 -3.671898621141200802e-04
2.904624820721057432e+00 -2.005575917486540627e-03
2.702427282114078011e+00 -1.433638088323483106e-01
2.525572916735644213e+00 -4.015815072228584581e-01
2.385898068483912837e+00 -7.314597075909944346e-01
2.257190223553635633e+00 -1.084713679319892599e+00
2.124059918715153650e+00 -1.431954264048885594e+00
1.977755335467917597e+00 -1.753067887113527901e+00
1.815531271657612855e+00 -2.033975685549533452e+00
1.636103124222108463e+00 -2.263700041414138830e+00
1.439668726027890422e+00 -2.435158982550234441e+00
1.228141512054712337e+00 -2.544945455076881302e+00
1.005563103938738490e+00 -2.593751299673342281e+00
7.786258322005878973e-01 -2.587809359814379206e+00
5.573368271699359333e-01 -2.541304622643641320e+00
3.558021072076265057e-01 -2.479231564122681863e+00
1.832461039314828843e-01 -2.421325067438175882e+00
6.974715074971132855e-03 -2.308982511223527823e+00
-2.099806120507238250e-01 -2.070953283803477429e+00
-4.566823058041078465e-01 -1.727886415075719828e+00
-7.154006375732659961e-01 -1.317606241434679859e+00
-9.727837665861760463e-01 -8.734988310876756756e-01
-1.219286983447980255e+00 -4.253132407140385318e-01
-1.449760828953314373e+00 5.491901116448705267e-03
-1.659769886872923372e+00 3.880216184273881375e-01
-1.850691479896771519e+00 7.105330618953145105e-01
-2.026538509232944207e+00 9.673375696443171634e-01
-2.194374443873710945e+00 1.160957658875604537e+00
-2.365667677860448848e+00 1.303940116395243543e+00
-2.556036528464840529e+00 1.416526552488882373e+00
-2.796610613101254472e+00 1.539139111507043189e+00
-3.101371858232713663e+00 1.479438902313122917e+00
-2.994401165510197416e+00 1.632546197055337878e+00
-2.909176571921321397e+00 1.571782588581675633e+00
-2.842528124854363014e+00 1.523930209517480705e+00
-2.789866503294513578e+00 1.486396189052916483e+00
-2.748799893254481930e+00 1.457509493401858869e+00
-2.718316992563115875e+00 1.436396039347735076e+00
-2.698086383242911168e+00 1.422662433493644407e+00
-2.688043251600204187e+00 1.416096124821878632e+00
-2.688190030589900914e+00 1.416442547088430537e+00
-2.698509201916341027e+00 1.423277340555173964e+00
-2.718916694438251014e+00 1.436000573479874198e+00
-2.749225864546760434e+00 1.454000370857472468e+00
-2.786038495376448765e+00 1.492926803687470105e+00
-2.837244101847792521e+00 1.509088650700755707e+00
-2.896859927569307658e+00 1.562018069866218717e+00
-2.962837002140235043e+00 1.594498744910197274e+00
-3.043151343012981513e+00 1.679250308146493786e+00
-3.132492908714395341e+00 1.774314905955738375e+00
-3.282906530235974785e+00 1.539074450843139985e+00
-3.469909619224454289e+00 1.286789720258687986e+00
-3.228677207234717628e+00 6.004142224817332618e-01
-3.018367617499903233e+00 -1.362332809021573610e-01
-2.819748398590501637e+00 -8.857915463512027188e-01
-2.622704416738955047e+00 -1.623407760929343802e+00
-2.409197810056207700e+00 -2.303086386794540807e+00
-2.184080992897454720e+00 -2.920509233845828945e+00
-1.945942930631410661e+00 -3.458781284967855640e+00
-1.694963530536736762e+00 -3.902124240088619800e+00
-1.434372040478322674e+00 -4.239780060559884767e+00
-1.170537425528300091e+00 -4.467709627282443918e+00
-9.135169863598182616e-01 -4.591851860263065355e+00
-6.778927747116867408e-01 -4.632305048372277412e+00
-4.735650519829153193e-01 -4.610252314886396086e+00
-2.676740987071442035e-01 -4.478621831869255665e+00
-2.226616056224053550e-02 -4.172877146607628873e+00
2.522502745563999227e-01 -3.711648149406691743e+00
5.382551438356919515e-01 -3.134631345186388085e+00
8.222120832077268737e-01 -2.482340599117935476e+00
1.094187704066080791e+00 -1.795297925708013054e+00
1.347578391562826994e+00 -1.112320618867785882e+00
1.579057791657842102e+00 -4.680216975766580134e-01
1.788619356121785131e+00 1.097793824240520522e-01
1.979979074709537379e+00 6.024886285938420016e-01
2.161534756284925862e+00 1.002567870256068971e+00
2.347807474986920440e+00 1.314031048080224195e+00
2.560765773847368365e+00 1.551105263510887511e+00
2.829206961679114229e+00 1.735036240139149477e+00
2.715385816049137091e+00 1.644658423551032200e+00
2.635357364848349704e+00 1.566983241611486832e+00
2.565149246022082608e+00 1.843586244670300189e+00
2.517251775784435708e+00 1.411952713955563432e+00
2.477243425401779220e+00 1.389264649490622894e+00
2.441897281623713667e+00 1.348612196918582917e+00
2.420030492457174276e+00 1.337615458992086559e+00
2.402862476706470574e+00 1.303797461897149290e+00
2.398514670435877960e+00 1.299473803241067316e+00
2.399453465167090016e+00 1.278405218506663665e+00
2.412004143442295856e+00 1.284711688905879612e+00
2.431380696423243393e+00 1.279637051081778054e+00
2.460074384728097030e+00 1.299660746732916650e+00
2.497209408228297178e+00 1.320186914950289392e+00
2.543460637480563946e+00 1.343738715493079106e+00
2.598810743192727202e+00 1.372032091301814916e+00
2.662985424363935039e+00 1.405746781960685254e+00
2.735268590066793237e+00 1.445956280767105362e+00
2.815286752623602951e+00 1.497314948360616071e+00
2.903582168964179644e+00 1.568660595052843831e+00
3.003343256497007729e+00 1.673168538122434157e+00
3.161754186315217652e+00 1.424815455254400121e+00
3.351640670331892835e+00 1.167770999563087386e+00
3.127072944709400559e+00 4.785491867558953061e-01
2.928043145212821941e+00 -2.606404624788911661e-01
2.739550548576074718e+00 -1.021794209823699617e+00
2.544564152687350145e+00 -1.739153905993584104e+00
2.340679933274778080e+00 -2.414710594451427106e+00
2.124563348955634368e+00 -3.025896555088538165e+00
1.894619062217328676e+00 -3.551965431166391074e+00
1.651723690747843420e+00 -3.977682899736716848e+00
1.399175359326768842e+00 -4.293526893173121195e+00
1.143022786492050358e+00 -4.497538837045991222e+00
8.927491780518486131e-01 -4.598933921968348493e+00
6.621965646304266429e-01 -4.622405596600278166e+00
4.608652273263114107e-01 -4.592420804446337712e+00
2.572128886804282422e-01 -4.454782047571741899e+00
1.477410240306678557e-02 -4.136094215772400773e+00
-2.562754291420010766e-01 -3.657087094738567856e+00
-5.388297764172758075e-01 -3.061731804716434802e+00
-8.197444497487418325e-01 -2.394088648071351244e+00
-1.089335661531530164e+00 -1.697359648126944620e+00
-1.341155300014425400e+00 -1.012037839885314483e+00
-1.571919151457595198e+00 -3.734669763409339538e-01
-1.781576519615521548e+00 1.907308153509887916e-01
-1.973696607442707140e+00 6.630477717303717711e-01
-2.156410020265655092e+00 1.037946185903352969e+00
-2.343882581988887992e+00 1.322498792425051306e+00
-2.557628863892105642e+00 1.535201657711220413e+00
-2.825892114239506370e+00 1.703403562561438100e+00
-2.715169817563019450e+00 1.613934722713740832e+00
-2.637920047562518633e+00 1.540471307893951369e+00
-2.541643911681408241e+00 1.803634289264565815e+00
-2.494397451630128160e+00 1.389990482598089550e+00
-2.456522969855257088e+00 1.359963604806400106e+00
-2.423797303470861308e+00 1.334737979253422857e+00
-2.395910469240520868e+00 1.310057086490334477e+00
-2.375173530990199566e+00 1.287832977375315657e+00
-2.362949003706839690e+00 1.269647063152865130e+00
-2.359841030176488275e+00 1.257735319411250607e+00
-2.365807545157307956e+00 1.252885533691368458e+00
-2.380802723107400709e+00 1.255766261920546079e+00
-2.404856473114026727e+00 1.266464145918440920e+00
-2.438129865452189904e+00 1.284596728944666033e+00
-2.480826254038866807e+00 1.309315180215957497e+00
-2.533015638819589910e+00 1.339462501202063116e+00
-2.594443535987839056e+00 1.374205979937285882e+00
-2.664455025497883156e+00 1.414308907711665064e+00
-2.742285957669801988e+00 1.463987507322944914e+00
-2.828012883314702464e+00 1.532461087724615645e+00
-2.924317475455916693e+00 1.634086960243770648e+00
-3.081362112209902193e+00 1.385943726080027361e+00
-3.267413751148435352e+00 1.127145493672260024e+00
-3.048461676048436431e+00 4.294513713413499190e-01
-2.854126537897405669e+00 -3.107814074084105371e-01
-2.668944728154285073e+00 -1.089261446278485757e+00
-2.479644329326054830e+00 -1.837128763901786144e+00
-2.276486042249700859e+00 -2.492308129299035890e+00
-2.061253995057653832e+00 -3.093789231826924890e+00
-1.829724459024243188e+00 -3.592221939955878796e+00
-1.589062033400410634e+00 -4.007823516310462075e+00
-1.333904052748093427e+00 -4.281104694890757401e+00
-1.077252893484753393e+00 -4.454500922900101578e+00
-8.336754368153527217e-01 -4.575031061958235057e+00
