8.623371437589905097e-02 -4.857818063660488198e-04 0.000000000000000000e+00
8.631970595358116893e-02 -1.014125172890404519e-03 0.000000000000000000e+00
8.638743978983462468e-02 -1.507834994317362384e-03 0.000000000000000000e+00
8.642880274633532589e-02 -2.038069024849542554e-03 0.000000000000000000e+00
8.644512671474834098e-02 -2.668532664778113135e-03 0.000000000000000000e+00
8.644188371887931432e-02 -3.437411848327334620e-03 0.000000000000000000e+00
8.642547074623375958e-02 -4.361348611566182379e-03 0.000000000000000000e+00
8.640127811615196107e-02 -5.444462456173682768e-03 0.000000000000000000e+00
8.637295235886217892e-02 -6.685793934704017082e-03 0.000000000000000000e+00
8.634251504384045373e-02 -8.083517019592086766e-03 0.000000000000000000e+00
8.631080225507380133e-02 -9.636597534200050733e-03 0.000000000000000000e+00
8.627785508020907601e-02 -1.134509571272857877e-02 0.000000000000000000e+00
8.624317553416373239e-02 -1.320995273348528863e-02 0.000000000000000000e+00
8.620592950403471733e-02 -1.523276508549806403e-02 0.000000000000000000e+00
8.616525655729098676e-02 -1.741588560034344757e-02 0.000000000000000000e+00
8.612082991594692538e-02 -1.976301150959378777e-02 0.000000000000000000e+00
8.607372878733526855e-02 -2.228056165908452041e-02 0.000000000000000000e+00
8.602767142115502752e-02 -2.497981579556477622e-02 0.000000000000000000e+00
8.599033350977094980e-02 -2.787891504564642131e-02 0.000000000000000000e+00
8.597387900850834985e-02 -3.100331934813961576e-02 0.000000000000000000e+00
8.599370331694103364e-02 -3.387555590548885220e-02 0.000000000000000000e+00
8.606467939639662890e-02 -3.649963481421820283e-02 0.000000000000000000e+00
8.619594580848305432e-02 -3.890460876066766105e-02 0.000000000000000000e+00
8.640062405349140107e-02 -4.110236247760851169e-02 0.000000000000000000e+00
8.668606356114451350e-02 -4.309769492204963692e-02 0.000000000000000000e+00
8.705285392098192909e-02 -4.489347204242952194e-02 0.000000000000000000e+00
8.749626244753115623e-02 -4.649479459643592744e-02 0.000000000000000000e+00
8.800947499172818989e-02 -4.790793174689818301e-02 0.000000000000000000e+00
8.858516076144223872e-02 -4.913905971070710310e-02 0.000000000000000000e+00
8.921662033514368706e-02 -5.019306925399079355e-02 0.000000000000000000e+00
8.989857390002407855e-02 -5.107266253364332181e-02 0.000000000000000000e+00
9.062739526473041762e-02 -5.177788837640869696e-02 0.000000000000000000e+00
9.140052368989302900e-02 -5.230632294538443972e-02 0.000000000000000000e+00
9.221494282215417226e-02 -5.265410952528056659e-02 0.000000000000000000e+00
9.306528200797506423e-02 -5.281774745868750981e-02 0.000000000000000000e+00
9.394305509836971269e-02 -5.279557786514366829e-02 0.000000000000000000e+00
9.483813914207446516e-02 -5.258726300160524586e-02 0.000000000000000000e+00
9.574161958475624346e-02 -5.219170031123000764e-02 0.000000000000000000e+00
9.664827943422531209e-02 -5.160535029839914689e-02 0.000000000000000000e+00
9.755792991094200395e-02 -5.082163143233807412e-02 0.000000000000000000e+00
9.847563277158803696e-02 -4.983117840907350798e-02 0.000000000000000000e+00
9.941527950760191412e-02 -4.862161336073318740e-02 0.000000000000000000e+00
1.003856775586103450e-01 -4.718151699528189136e-02 0.000000000000000000e+00
1.014010108134047600e-01 -4.549857145547302889e-02 0.000000000000000000e+00
1.024778021701191894e-01 -4.356107467978826558e-02 0.000000000000000000e+00
1.036326011190791541e-01 -4.135873517604355537e-02 0.000000000000000000e+00
1.048809585080783813e-01 -3.888171297465831816e-02 0.000000000000000000e+00
1.062351360939973871e-01 -3.611967369950602746e-02 0.000000000000000000e+00
1.077155321567736246e-01 -3.304800723750948854e-02 0.000000000000000000e+00
1.093515331933506141e-01 -2.963375613750600379e-02 0.000000000000000000e+00
1.109029089448003852e-01 -2.634611977573365557e-02 0.000000000000000000e+00
1.123864028510359880e-01 -2.315701672052944415e-02 0.000000000000000000e+00
1.138152715046374941e-01 -2.004556285957413697e-02 0.000000000000000000e+00
1.152000417915910874e-01 -1.699602909190156205e-02 0.000000000000000000e+00
1.165494648772902042e-01 -1.399540248772357907e-02 0.000000000000000000e+00
1.178713034639612689e-01 -1.103185822151350921e-02 0.000000000000000000e+00
1.191728007591483646e-01 -8.094006593655587306e-03 0.000000000000000000e+00
1.204608630206168568e-01 -5.170595603616556096e-03 0.000000000000000000e+00
1.217420347342177273e-01 -2.250432515704763308e-03 0.000000000000000000e+00
1.230223565309667005e-01 6.775993814081286877e-04 0.000000000000000000e+00
1.243072171527884046e-01 3.624473577692090363e-03 0.000000000000000000e+00
1.256013515223159405e-01 6.600913882905201993e-03 0.000000000000000000e+00
1.269233690630829914e-01 9.613846604389450490e-03 0.000000000000000000e+00
1.282527646519857900e-01 1.267887641402914989e-02 0.000000000000000000e+00
1.296220570279289774e-01 1.580483081289478856e-02 0.000000000000000000e+00
1.310126853273110847e-01 1.899854793629402946e-02 0.000000000000000000e+00
1.324706561489815415e-01 2.227502822937568391e-02 0.000000000000000000e+00
1.340044894132361997e-01 2.564365264183324222e-02 0.000000000000000000e+00
1.356675785344863550e-01 2.912570920263949162e-02 0.000000000000000000e+00
1.374973596874062842e-01 3.275742492884435586e-02 0.000000000000000000e+00
1.392933330095739164e-01 3.606121659441097194e-02 0.000000000000000000e+00
1.410895299510279144e-01 3.906926408082875279e-02 0.000000000000000000e+00
1.429070845418022873e-01 4.180219743436577873e-02 0.000000000000000000e+00
1.447513345921509209e-01 4.427749192143269619e-02 0.000000000000000000e+00
1.466386915403697921e-01 4.649852369524927476e-02 0.000000000000000000e+00
1.485653656185892402e-01 4.847727497842711786e-02 0.000000000000000000e+00
1.505239994799587588e-01 5.022451906007574518e-02 0.000000000000000000e+00
1.525071945511630167e-01 5.174834194600735210e-02 0.000000000000000000e+00
1.545077419934596796e-01 5.305405082725376392e-02 0.000000000000000000e+00
1.565186942471095133e-01 5.414401553291367519e-02 0.000000000000000000e+00
1.585328439438783710e-01 5.501803459052290179e-02 0.000000000000000000e+00
1.605412745236411143e-01 5.567465134648538760e-02 0.000000000000000000e+00
1.625317430160333476e-01 5.611311402355880634e-02 0.000000000000000000e+00
1.644888471308463829e-01 5.633449781738299189e-02 0.000000000000000000e+00
1.663964392233034661e-01 5.634066880821742701e-02 0.000000000000000000e+00
1.682406901081853201e-01 5.613211811814491914e-02 0.000000000000000000e+00
1.700125666820903603e-01 5.570646362583709515e-02 0.000000000000000000e+00
1.717091787548317150e-01 5.505807086769216180e-02 0.000000000000000000e+00
1.733341433836968204e-01 5.417848399544194365e-02 0.000000000000000000e+00
1.748971174411494411e-01 5.305739166897853465e-02 0.000000000000000000e+00
1.764128988509716667e-01 5.168377088437689504e-02 0.000000000000000000e+00
1.779002879224733102e-01 5.004696361102676377e-02 0.000000000000000000e+00
1.793810565341963925e-01 4.813716141948490984e-02 0.000000000000000000e+00
1.808793468586887276e-01 4.594460209581548160e-02 0.000000000000000000e+00
1.824215668857094297e-01 4.345690376279098127e-02 0.000000000000000000e+00
1.840366755501342544e-01 4.065462484902380297e-02 0.000000000000000000e+00
1.857564717532766974e-01 3.750713623207758973e-02 0.000000000000000000e+00
1.873672745203619483e-01 3.448183543917895250e-02 0.000000000000000000e+00
1.888928726022555127e-01 3.155033063959851447e-02 0.000000000000000000e+00
1.903201484165043533e-01 2.869330618690777920e-02 0.000000000000000000e+00
1.916802145297476501e-01 2.590188516572834027e-02 0.000000000000000000e+00
1.930101347841200465e-01 2.315839706025302550e-02 0.000000000000000000e+00
1.942941578104448452e-01 2.045748899912020261e-02 0.000000000000000000e+00
1.955602974640818781e-01 1.778398910339901509e-02 0.000000000000000000e+00
1.967881531614792956e-01 1.513259704239180471e-02 0.000000000000000000e+00
1.980052585129663811e-01 1.248899500944390499e-02 0.000000000000000000e+00
1.991966236791519740e-01 9.847290811156202833e-03 0.000000000000000000e+00
2.003875387914244854e-01 7.194622386196728586e-03 0.000000000000000000e+00
2.015677641823031274e-01 4.523472569230975460e-03 0.000000000000000000e+00
2.027602331189520546e-01 1.823618881917904097e-03 0.000000000000000000e+00
2.039653565270529434e-01 -9.141392930814631890e-04 0.000000000000000000e+00
2.051857673797494730e-01 -3.699709459639805628e-03 0.000000000000000000e+00
2.064255714213432402e-01 -6.542940235039535271e-03 0.000000000000000000e+00
2.076894014322632764e-01 -9.453337935297347408e-03 0.000000000000000000e+00
2.089827742555635526e-01 -1.243958136106700779e-02 0.000000000000000000e+00
2.103153256417475969e-01 -1.550988013932719581e-02 0.000000000000000000e+00
2.117045602064455689e-01 -1.867293785628980698e-02 0.000000000000000000e+00
2.131796871824704898e-01 -2.194077425909491535e-02 0.000000000000000000e+00
2.147805316451474322e-01 -2.533296605521776976e-02 0.000000000000000000e+00
2.165519988026570197e-01 -2.888071863441183870e-02 0.000000000000000000e+00
2.182914608568396475e-01 -3.211603111491331819e-02 0.000000000000000000e+00
2.200323681241745932e-01 -3.506557168056105567e-02 0.000000000000000000e+00
2.217855217919939559e-01 -3.774869705438321787e-02 0.000000000000000000e+00
2.235821862717389252e-01 -4.017343491858020588e-02 0.000000000000000000e+00
2.254204428152727369e-01 -4.235085396901889371e-02 0.000000000000000000e+00
2.272942619844415257e-01 -4.429148476602508960e-02 0.000000000000000000e+00
2.291974759115272264e-01 -4.600443873086020041e-02 0.000000000000000000e+00
2.311238035444346806e-01 -4.749707240183995843e-02 0.000000000000000000e+00
2.330671069662127448e-01 -4.877435621146432310e-02 0.000000000000000000e+00
2.350214826751314545e-01 -4.983842012299313090e-02 0.000000000000000000e+00
2.369804943315697854e-01 -5.068874333143132127e-02 0.000000000000000000e+00
2.389353065303009005e-01 -5.132334994375045006e-02 0.000000000000000000e+00
2.408729876630252842e-01 -5.174080649617066735e-02 0.000000000000000000e+00
2.427774816005552894e-01 -5.194160966651425321e-02 0.000000000000000000e+00
2.446327796785323083e-01 -5.192733393409736803e-02 0.000000000000000000e+00
2.464258678730484320e-01 -5.169838574746091903e-02 0.000000000000000000e+00
2.481488909846296109e-01 -5.125239181169814751e-02 0.000000000000000000e+00
2.498003135636635008e-01 -5.058373963095950943e-02 0.000000000000000000e+00
2.513850613755800323e-01 -4.968398018276945494e-02 0.000000000000000000e+00
2.529138833751995996e-01 -4.854273777464573197e-02 0.000000000000000000e+00
2.544022484336290191e-01 -4.714884308896397785e-02 0.000000000000000000e+00
2.558690610606109139e-01 -4.549138846709870065e-02 0.000000000000000000e+00
2.573355271342948059e-01 -4.356022643417486323e-02 0.000000000000000000e+00
2.588245372541349010e-01 -4.134521468321770282e-02 0.000000000000000000e+00
2.603607442536951533e-01 -3.883357362825216874e-02 0.000000000000000000e+00
2.619712445071075702e-01 -3.600548859755284964e-02 0.000000000000000000e+00
2.636869074076034769e-01 -3.283003649356364823e-02 0.000000000000000000e+00
2.652946283863814037e-01 -2.977448211897749594e-02 0.000000000000000000e+00
2.668190272337899183e-01 -2.681029780424027537e-02 0.000000000000000000e+00
2.682353334609711148e-01 -2.395065021935877114e-02 0.000000000000000000e+00
2.695938949494224302e-01 -2.115589370427018237e-02 0.000000000000000000e+00
2.709145989364311613e-01 -1.840701241247151912e-02 0.000000000000000000e+00
2.722027184020008872e-01 -1.569801343694454676e-02 0.000000000000000000e+00
2.734594279572608588e-01 -1.302329480584039564e-02 0.000000000000000000e+00
2.746876268842473046e-01 -1.037470754960570507e-02 0.000000000000000000e+00
2.758915938193107209e-01 -7.742623989766966863e-03 0.000000000000000000e+00
2.770775754487167508e-01 -5.116788816376604924e-03 0.000000000000000000e+00
2.782524266689426207e-01 -2.487042629136064498e-03 0.000000000000000000e+00
2.794235032554045484e-01 1.566734678482323458e-04 0.000000000000000000e+00
2.805981251342944405e-01 2.824402074075514548e-03 0.000000000000000000e+00
2.817831455532373575e-01 5.526316038890478378e-03 0.000000000000000000e+00
2.829845230178865689e-01 8.272767232962099579e-03 0.000000000000000000e+00
2.842070413012707797e-01 1.107414172964039760e-02 0.000000000000000000e+00
2.854546167826159664e-01 1.394050303635337683e-02 0.000000000000000000e+00
2.867317799981357607e-01 1.688114632734698251e-02 0.000000000000000000e+00
2.880468591299445436e-01 1.990446052367755153e-02 0.000000000000000000e+00
2.894165581178235191e-01 2.301881477846072499e-02 0.000000000000000000e+00
2.908705909174537085e-01 2.623535938832050746e-02 0.000000000000000000e+00
2.924588548490415496e-01 2.957378445266558784e-02 0.000000000000000000e+00
2.942243362337721990e-01 3.306316270273007563e-02 0.000000000000000000e+00
2.959569041214958895e-01 3.624059618265476623e-02 0.000000000000000000e+00
2.976954656919631459e-01 3.913257087901461651e-02 0.000000000000000000e+00
2.994327724786895462e-01 4.175818328774708738e-02 0.000000000000000000e+00
3.011842977059024373e-01 4.412937289851656675e-02 0.000000000000000000e+00
3.029905382199207242e-01 4.625256610153352654e-02 0.000000000000000000e+00
3.048304382856529271e-01 4.813958222369475737e-02 0.000000000000000000e+00
3.067095642949654311e-01 4.979743416081247598e-02 0.000000000000000000e+00
3.086009994510536814e-01 5.123836875402203173e-02 0.000000000000000000e+00
3.105261937449141363e-01 5.246177639120904596e-02 0.000000000000000000e+00
3.124676980787404745e-01 5.347193944955412614e-02 0.000000000000000000e+00
3.143750924742950148e-01 5.427615611128493167e-02 0.000000000000000000e+00
3.162876172003306618e-01 5.486511126392541737e-02 0.000000000000000000e+00
3.181809198047625964e-01 5.523844246438079642e-02 0.000000000000000000e+00
3.200598828453126155e-01 5.539234418806610744e-02 0.000000000000000000e+00
3.218402167960917604e-01 5.533929025864438300e-02 0.000000000000000000e+00
3.235527524311267999e-01 5.507612912518250470e-02 0.000000000000000000e+00
3.252241100113302252e-01 5.459393031139873897e-02 0.000000000000000000e+00
3.268053140492451769e-01 5.389657410934324544e-02 0.000000000000000000e+00
3.283098718963198825e-01 5.297247471637998167e-02 0.000000000000000000e+00
3.297826058626478485e-01 5.180754012382358942e-02 0.000000000000000000e+00
3.312526774115244765e-01 5.038940953399499711e-02 0.000000000000000000e+00
3.326624393541459668e-01 4.871358390843347902e-02 0.000000000000000000e+00
3.340644944000413785e-01 4.676655073506392341e-02 0.000000000000000000e+00
3.355042314765053213e-01 4.453342867667811622e-02 0.000000000000000000e+00
3.369575870308105237e-01 4.201319859828619996e-02 0.000000000000000000e+00
3.384345839382614241e-01 3.919028807994695551e-02 0.000000000000000000e+00
3.400219115290332716e-01 3.602529667802435720e-02 0.000000000000000000e+00
3.415166562165571906e-01 3.298192598631455308e-02 0.000000000000000000e+00
3.429353220963869964e-01 3.003265783677410913e-02 0.000000000000000000e+00
3.442549563358919817e-01 2.715976480022863626e-02 0.000000000000000000e+00
