8.619382677745619781e-02 5.182198902623620970e-06 0.000000000000000000e+00
8.617999183168223443e-02 4.989478846846560098e-05 0.000000000000000000e+00
8.609576771912763604e-02 3.252099600068589702e-04 0.000000000000000000e+00
8.592386539006616197e-02 9.030753778483233043e-04 0.000000000000000000e+00
8.567049970877257947e-02 1.784528932875721619e-03 0.000000000000000000e+00
8.534608368747417795e-02 2.957159586743076003e-03 0.000000000000000000e+00
8.496102890987046463e-02 4.407716719151059774e-03 0.000000000000000000e+00
8.452489674529654884e-02 6.124673202973622901e-03 0.000000000000000000e+00
8.404628736076351359e-02 8.098164166143093784e-03 0.000000000000000000e+00
8.353288615751075508e-02 1.031753183213530989e-02 0.000000000000000000e+00
8.299153913340953648e-02 1.276014506359157176e-02 0.000000000000000000e+00
8.242832909725132662e-02 1.534138148634851817e-02 0.000000000000000000e+00
8.184864694958582376e-02 1.787171722901624224e-02 0.000000000000000000e+00
8.125725716412085520e-02 2.026878701884657699e-02 0.000000000000000000e+00
8.065835766406105611e-02 2.251449230651667716e-02 0.000000000000000000e+00
8.005563449273241095e-02 2.460501629527118983e-02 0.000000000000000000e+00
7.945231169501801305e-02 2.653967228599408631e-02 0.000000000000000000e+00
7.885119680376567741e-02 2.831838841565674850e-02 0.000000000000000000e+00
7.825472229621137366e-02 2.994111462932612724e-02 0.000000000000000000e+00
7.766498335672973596e-02 3.140765876848628652e-02 0.000000000000000000e+00
7.708377225531473642e-02 3.271761949417659188e-02 0.000000000000000000e+00
7.651260962629832796e-02 3.387034187422326148e-02 0.000000000000000000e+00
7.595277290885021904e-02 3.486487886587906482e-02 0.000000000000000000e+00
7.540532218963527655e-02 3.569995470080879196e-02 0.000000000000000000e+00
7.487112366850298684e-02 3.637392903110630432e-02 0.000000000000000000e+00
7.435087095011722047e-02 3.688476133856037620e-02 0.000000000000000000e+00
7.384510434788608968e-02 3.722997526024030696e-02 0.000000000000000000e+00
7.335422837131268248e-02 3.740662252315606756e-02 0.000000000000000000e+00
7.287852755385494652e-02 3.741124619418926406e-02 0.000000000000000000e+00
7.241818076546502336e-02 3.723984295782263587e-02 0.000000000000000000e+00
7.197327414208726237e-02 3.688782413860133835e-02 0.000000000000000000e+00
7.154381275345120250e-02 3.634997519290849438e-02 0.000000000000000000e+00
7.112973112042685064e-02 3.562052650498559458e-02 0.000000000000000000e+00
7.073090268394723046e-02 3.469346653817451803e-02 0.000000000000000000e+00
7.034714831898612741e-02 3.356220927850139119e-02 0.000000000000000000e+00
6.997824397926163953e-02 3.221937179237228943e-02 0.000000000000000000e+00
6.962392755120863641e-02 3.065671476182790095e-02 0.000000000000000000e+00
6.928390498948913678e-02 2.886520644112812103e-02 0.000000000000000000e+00
6.895785580178742658e-02 2.683551648892040786e-02 0.000000000000000000e+00
6.864543795207998789e-02 2.456042647487696740e-02 0.000000000000000000e+00
6.834629227807552387e-02 2.204586920304715120e-02 0.000000000000000000e+00
6.806004665612179483e-02 1.936079267831582185e-02 0.000000000000000000e+00
6.778631968119064322e-02 1.667992140062011380e-02 0.000000000000000000e+00
6.752472240174302309e-02 1.407155535315755303e-02 0.000000000000000000e+00
6.727486123824392983e-02 1.154032892227166950e-02 0.000000000000000000e+00
6.703634061813142087e-02 9.077070120379259963e-03 0.000000000000000000e+00
6.680876508080497989e-02 6.669832842153603468e-03 0.000000000000000000e+00
6.659174106473594867e-02 4.306298233018843874e-03 0.000000000000000000e+00
6.638487844390145165e-02 1.974258523481420106e-03 0.000000000000000000e+00
6.618779184673491411e-02 -3.383243212365544283e-04 0.000000000000000000e+00
6.600010178158348395e-02 -2.643353586355727623e-03 0.000000000000000000e+00
6.582143558911345005e-02 -4.952652951115763501e-03 0.000000000000000000e+00
6.565142823993945498e-02 -7.277912578950616711e-03 0.000000000000000000e+00
6.548972299401285835e-02 -9.630391477272211634e-03 0.000000000000000000e+00
6.533597193676535242e-02 -1.202126339298266282e-02 0.000000000000000000e+00
6.518983640560857551e-02 -1.446185024833919301e-02 0.000000000000000000e+00
6.505098731911726495e-02 -1.696369021258287493e-02 0.000000000000000000e+00
6.491910542006072704e-02 -1.953847994757176160e-02 0.000000000000000000e+00
6.479388144238529268e-02 -2.219758455379528331e-02 0.000000000000000000e+00
6.467501621128093903e-02 -2.494962839142934180e-02 0.000000000000000000e+00
6.456222068458038199e-02 -2.778945459910456967e-02 0.000000000000000000e+00
6.445521594293185386e-02 -3.064825743965238561e-02 0.000000000000000000e+00
6.435373313545093843e-02 -3.335081473410634462e-02 0.000000000000000000e+00
6.425751338688641401e-02 -3.582767995347863055e-02 0.000000000000000000e+00
6.416630767172447347e-02 -3.807241165572249064e-02 0.000000000000000000e+00
6.407987666009981598e-02 -4.009169981043981396e-02 0.000000000000000000e+00
6.399799053987673125e-02 -4.189431618331054125e-02 0.000000000000000000e+00
6.392042881880384553e-02 -4.348869259105044710e-02 0.000000000000000000e+00
6.384698011022842123e-02 -4.488241355030216789e-02 0.000000000000000000e+00
6.377744190547772474e-02 -4.608213083454425901e-02 0.000000000000000000e+00
6.371162033567073779e-02 -4.709356823970296813e-02 0.000000000000000000e+00
6.364932992541233459e-02 -4.792154292427597273e-02 0.000000000000000000e+00
6.359039334053984138e-02 -4.856998704961745794e-02 0.000000000000000000e+00
6.353464113183639184e-02 -4.904196618269712066e-02 0.000000000000000000e+00
6.348191147639536958e-02 -4.933969373943671716e-02 0.000000000000000000e+00
6.343204991811124405e-02 -4.946454135707933908e-02 0.000000000000000000e+00
6.338490910858461669e-02 -4.941704520428755881e-02 0.000000000000000000e+00
6.334034854955979121e-02 -4.919690824910880750e-02 0.000000000000000000e+00
6.329823433786095632e-02 -4.880299849233751819e-02 0.000000000000000000e+00
6.325843891365601213e-02 -4.823334315610867951e-02 0.000000000000000000e+00
6.322084081275430867e-02 -4.748511879980621408e-02 0.000000000000000000e+00
6.318532442353437528e-02 -4.655463732258827148e-02 0.000000000000000000e+00
6.315177974899949254e-02 -4.543744090334451285e-02 0.000000000000000000e+00
6.312010217437077908e-02 -4.412863712758306051e-02 0.000000000000000000e+00
6.309019224054919495e-02 -4.262258642088501137e-02 0.000000000000000000e+00
6.306195542370826579e-02 -4.091269777846541500e-02 0.000000000000000000e+00
6.303530192121765963e-02 -3.899138580846731733e-02 0.000000000000000000e+00
6.301014644404284715e-02 -3.685014967441900546e-02 0.000000000000000000e+00
6.298640801571801784e-02 -3.448008052123415629e-02 0.000000000000000000e+00
6.296400977794711085e-02 -3.187428430314387384e-02 0.000000000000000000e+00
6.294287880285058534e-02 -2.903893226552907783e-02 0.000000000000000000e+00
6.292294591184319219e-02 -2.604313500775995091e-02 0.000000000000000000e+00
6.290414550110014213e-02 -2.306171290411997143e-02 0.000000000000000000e+00
6.288641537354441868e-02 -2.016300333384181409e-02 0.000000000000000000e+00
6.286969657726752814e-02 -1.735162703571313178e-02 0.000000000000000000e+00
6.285393325027825717e-02 -1.461835402992730550e-02 0.000000000000000000e+00
6.283907247145890940e-02 -1.195114190276082289e-02 0.000000000000000000e+00
6.282506411759619658e-02 -9.337542593033369698e-03 0.000000000000000000e+00
6.281186072634380169e-02 -6.765191088750714503e-03 0.000000000000000000e+00
6.279941736496523486e-02 -4.221868433648226851e-03 0.000000000000000000e+00
6.278769150469930282e-02 -1.695470639546338984e-03 0.000000000000000000e+00
6.277664290058547480e-02 8.260429770064626337e-04 0.000000000000000000e+00
6.276623347658281948e-02 3.354592783469276425e-03 0.000000000000000000e+00
6.275642721581406458e-02 5.901678433211740397e-03 0.000000000000000000e+00
6.274719005576487318e-02 8.478722314509121172e-03 0.000000000000000000e+00
6.273848978826818135e-02 1.109730082183600468e-02 0.000000000000000000e+00
6.273029596410388542e-02 1.376921051800160910e-02 0.000000000000000000e+00
6.272257980204531957e-02 1.650640870083873446e-02 0.000000000000000000e+00
6.271531410218601776e-02 1.932052187844108052e-02 0.000000000000000000e+00
6.270847316338198918e-02 2.222043530719474205e-02 0.000000000000000000e+00
6.270203270464820566e-02 2.520125139666759204e-02 0.000000000000000000e+00
6.269596979035056694e-02 2.819442109366694649e-02 0.000000000000000000e+00
6.269026275903842593e-02 3.102497549130469115e-02 0.000000000000000000e+00
6.268489115576604542e-02 3.362371721854014173e-02 0.000000000000000000e+00
6.267983566775583992e-02 3.598444928483363059e-02 0.000000000000000000e+00
6.267507806325961495e-02 3.811410091085630503e-02 0.000000000000000000e+00
6.267060113347890093e-02 4.002167750668446378e-02 0.000000000000000000e+00
6.266638863740907339e-02 4.171583859871120376e-02 0.000000000000000000e+00
6.266242524947686354e-02 4.320439021999750856e-02 0.000000000000000000e+00
6.265869650984483286e-02 4.449419927027941507e-02 0.000000000000000000e+00
6.265518877726089508e-02 4.559119813919211561e-02 0.000000000000000000e+00
6.265188918433516052e-02 4.650040595207575317e-02 0.000000000000000000e+00
6.264878559513108180e-02 4.722595015818886743e-02 0.000000000000000000e+00
6.264586656496154426e-02 4.777108491838404081e-02 0.000000000000000000e+00
6.264312130228530395e-02 4.813820556560832048e-02 0.000000000000000000e+00
6.264053963260302060e-02 4.832885902241262910e-02 0.000000000000000000e+00
6.263811196425601857e-02 4.834375018032450316e-02 0.000000000000000000e+00
6.263582925603548845e-02 4.818274425777081815e-02 0.000000000000000000e+00
6.263368298651288135e-02 4.784486514098363480e-02 0.000000000000000000e+00
6.263166512500666083e-02 4.732828969495070370e-02 0.000000000000000000e+00
6.262976810410400552e-02 4.663033801401397088e-02 0.000000000000000000e+00
6.262798479365944138e-02 4.574745956920544393e-02 0.000000000000000000e+00
6.262630847619614360e-02 4.467532830116414944e-02 0.000000000000000000e+00
6.262473282363875682e-02 4.340917790638033208e-02 0.000000000000000000e+00
6.262325187530981552e-02 4.194348943485180087e-02 0.000000000000000000e+00
6.262186001712509442e-02 4.027178718731864310e-02 0.000000000000000000e+00
6.262055196192611861e-02 3.838659592849272273e-02 0.000000000000000000e+00
6.261932273089088064e-02 3.627952000064921939e-02 0.000000000000000000e+00
6.261816763596667057e-02 3.394175092102973829e-02 0.000000000000000000e+00
6.261708226327165894e-02 3.136649038063563100e-02 0.000000000000000000e+00
6.261606245741439813e-02 2.856000089567727052e-02 0.000000000000000000e+00
6.261510430668260074e-02 2.559148003818052450e-02 0.000000000000000000e+00
6.261420412905552291e-02 2.263583102230939600e-02 0.000000000000000000e+00
6.261335845899583530e-02 1.976147009699173382e-02 0.000000000000000000e+00
6.261256403497951484e-02 1.697309305993571424e-02 0.000000000000000000e+00
6.261181778772423323e-02 1.426154133540430760e-02 0.000000000000000000e+00
6.261111682907864739e-02 1.161484041107734011e-02 0.000000000000000000e+00
6.261045844153688422e-02 9.020606772754902192e-03 0.000000000000000000e+00
6.260984006834441340e-02 6.466536745143992675e-03 0.000000000000000000e+00
6.260925930416316731e-02 3.940469638327116254e-03 0.000000000000000000e+00
6.260871388626541856e-02 1.430356795739676874e-03 0.000000000000000000e+00
6.260820168622749371e-02 -1.075789937922343913e-03 0.000000000000000000e+00
6.260772070209592866e-02 -3.589841078557874481e-03 0.000000000000000000e+00
6.260726905100001682e-02 -6.123248982072016129e-03 0.000000000000000000e+00
6.260684496218624218e-02 -8.687391175251473960e-03 0.000000000000000000e+00
6.260644677045118511e-02 -1.129380151327653327e-02 0.000000000000000000e+00
6.260607290995073848e-02 -1.395423623236330748e-02 0.000000000000000000e+00
6.260572190836485862e-02 -1.668061441118603647e-02 0.000000000000000000e+00
6.260539238139786744e-02 -1.948452634500084588e-02 0.000000000000000000e+00
6.260508302759568156e-02 -2.237482298663420049e-02 0.000000000000000000e+00
6.260479262346212159e-02 -2.534657425830957531e-02 0.000000000000000000e+00
6.260452001885756512e-02 -2.833120034652618358e-02 0.000000000000000000e+00
6.260426413266399759e-02 -3.115370322572741033e-02 0.000000000000000000e+00
6.260402394870150100e-02 -3.374485796612382293e-02 0.000000000000000000e+00
6.260379851188185851e-02 -3.609844150019531073e-02 0.000000000000000000e+00
6.260358692458593832e-02 -3.822135837870749286e-02 0.000000000000000000e+00
6.260338834325213098e-02 -4.012259067755892528e-02 0.000000000000000000e+00
6.260320197516384966e-02 -4.181077585657967666e-02 0.000000000000000000e+00
6.260302707542457490e-02 -4.329369908489093949e-02 0.000000000000000000e+00
6.260286294411006314e-02 -4.457820753893048521e-02 0.000000000000000000e+00
6.260270892358721362e-02 -4.567021496659391666e-02 0.000000000000000000e+00
6.260256439599035105e-02 -4.657472287674684769e-02 0.000000000000000000e+00
6.260242878084572304e-02 -4.729584207382588057e-02 0.000000000000000000e+00
6.260230153283560806e-02 -4.783681099447702895e-02 0.000000000000000000e+00
6.260218213969426237e-02 -4.820001011949003045e-02 0.000000000000000000e+00
6.260207012022776796e-02 -4.838697234511133566e-02 0.000000000000000000e+00
6.260196502245087002e-02 -4.839838931849085868e-02 0.000000000000000000e+00
6.260186642183394878e-02 -4.823411375385273231e-02 0.000000000000000000e+00
6.260177391965358884e-02 -4.789315773372938845e-02 0.000000000000000000e+00
6.260168714144102864e-02 -4.737368698222952507e-02 0.000000000000000000e+00
6.260160573552252250e-02 -4.667301107985510900e-02 0.000000000000000000e+00
6.260152937164641107e-02 -4.578756957687144663e-02 0.000000000000000000e+00
6.260145773969175154e-02 -4.471302705399170241e-02 0.000000000000000000e+00
6.260139054845383078e-02 -4.344460837804237086e-02 0.000000000000000000e+00
6.260132752450198179e-02 -4.197678627061801615e-02 0.000000000000000000e+00
6.260126841110554008e-02 -4.030307717781752425e-02 0.000000000000000000e+00
6.260121296722385986e-02 -3.841599845740735486e-02 0.000000000000000000e+00
6.260116096655668483e-02 -3.630714746771067369e-02 0.000000000000000000e+00
6.260111219665134841e-02 -3.396770914160640586e-02 0.000000000000000000e+00
6.260106645806329251e-02 -3.139087896315375520e-02 0.000000000000000000e+00
6.260102356356710140e-02 -2.858291359804782106e-02 0.000000000000000000e+00
6.260098333741462295e-02 -2.561300510434951633e-02 0.000000000000000000e+00
6.260094561463777629e-02 -2.265605149999362633e-02 0.000000000000000000e+00
6.260091024039313168e-02 -1.978046413760880737e-02 0.000000000000000000e+00
6.260087706934602814e-02 -1.699093420168665616e-02 0.000000000000000000e+00
6.260084596509164767e-02 -1.427829877041868201e-02 0.000000000000000000e+00
6.260081679961104761e-02 -1.163057923748456873e-02 0.000000000000000000e+00
6.260078945275990292e-02 -9.035388232501375891e-03 0.000000000000000000e+00
6.260076381178818206e-02 -6.480418448333480526e-03 0.000000000000000000e+00
6.260073977088874420e-02 -3.953505774821864174e-03 0.000000000000000000e+00
