-3.906880771736273339e-15 -2.455099786590827773e-28 3.335396495104734739e-14
-2.075261210996862463e-03 8.333011008550312779e-03 9.362528271183387817e-07
-6.408073798006674003e-03 2.631164769540022402e-02 9.304330447025102691e-06
-1.071265414497039881e-02 4.543106225385751262e-02 2.761014660112831289e-05
-1.453453368986613349e-02 6.394889317316949928e-02 5.441824336237375723e-05
-1.782158271646698197e-02 8.161646749447967752e-02 8.814909920089267095e-05
-2.060670606604561583e-02 9.850600909461597332e-02 1.276800518095253358e-04
-2.293766764178843676e-02 1.147402267923528646e-01 1.722604015495657142e-04
-2.486183200202798232e-02 1.303854170920529798e-01 2.212395784314292199e-04
-2.642309252115665821e-02 1.452141510224345400e-01 2.730719949066757091e-04
-2.766150729161547667e-02 1.576890741426886511e-01 3.207596018948702583e-04
-2.861364038180933336e-02 1.604009924009455190e-01 3.316924827443538449e-04
-2.931261872491732270e-02 1.534207158480312971e-01 3.042637964745522022e-04
-2.978816600261168304e-02 1.442985082847013933e-01 2.702000352578416849e-04
-3.006718151259219277e-02 1.347137863365691079e-01 2.366150264097538567e-04
-3.017396475274681036e-02 1.250382501269573787e-01 2.050109154717960711e-04
-3.013043543852321482e-02 1.153505583766169101e-01 1.756877064356984319e-04
-2.995634140425693093e-02 1.056620590197709653e-01 1.486918700514684830e-04
-2.966945134429220185e-02 9.596709392629264312e-02 1.240185177310485615e-04
-2.928573202232925832e-02 8.625428135230518711e-02 1.016561304090159466e-04
-2.881951069172252952e-02 7.650910374553769600e-02 8.159825778539230316e-05
-2.828362378161137364e-02 6.671454467697356117e-02 6.384827112466769550e-05
-2.768955293106920706e-02 5.685127515362909528e-02 4.842264768662781903e-05
-2.704754939798586361e-02 4.689772365117766961e-02 3.535397129870825728e-05
-2.636674779527437354e-02 3.683010486999764577e-02 2.469394458659924846e-05
-2.565527003237697695e-02 2.662242445114560221e-02 1.651652728527737020e-05
-2.492032026959095301e-02 1.624646394337106448e-02 1.092128120534869917e-05
-2.416827162740312757e-02 5.671747339383726404e-03 8.037000069160080354e-06
-2.340474533282322842e-02 -5.134510245272811725e-03 8.025708078797532297e-06
-2.263468292943273188e-02 -1.620747139828260935e-02 1.108712035201955316e-05
-2.186241212728221028e-02 -2.758476238406167014e-02 1.746367080907480028e-05
-2.109170682266689120e-02 -3.930657537836381582e-02 2.744622865688965446e-05
-2.032584059964567119e-02 -5.139470439325644069e-02 4.135219658077339457e-05
-1.956763772227343781e-02 -6.387036326642313300e-02 5.952945421368617258e-05
-1.881951985698358115e-02 -7.677904493079430737e-02 8.240656817871799269e-05
-1.808354622646009269e-02 -9.017309007795416831e-02 1.104948174918710341e-04
-1.736145078674682443e-02 -1.041056306632111988e-01 1.443890181617430270e-04
-1.665467586897196109e-02 -1.186188304632484203e-01 1.847403773817140910e-04
-1.596440142279206831e-02 -1.336937903346439305e-01 2.320744576708048739e-04
-1.529156604823921420e-02 -1.490251682067497141e-01 2.858319771910895562e-04
-1.463686473921998500e-02 -1.630067435936803644e-01 3.396431025207426418e-04
-1.400066942313532049e-02 -1.681679963648351483e-01 3.598262682923674283e-04
-1.338356245073810818e-02 -1.645297396551906044e-01 3.433695379471770909e-04
-1.278613134176576245e-02 -1.596031177558064618e-01 3.222809564623933744e-04
-1.220856475416778712e-02 -1.550346026078488482e-01 3.033943511956765601e-04
-1.165089305764500753e-02 -1.511701581170916131e-01 2.878564943040547901e-04
-1.111304581689949965e-02 -1.480698755977161163e-01 2.756507493338502916e-04
-1.059487201463494253e-02 -1.457334529644377374e-01 2.665708423322230599e-04
-1.009615229872082125e-02 -1.441502420746801627e-01 2.604239737061854205e-04
-9.616608926434540641e-03 -1.433103095513950931e-01 2.570703023177095797e-04
-9.155914542686592952e-03 -1.432068454600522178e-01 2.564286798627736139e-04
-8.713700068299677984e-03 -1.438366627641831652e-01 2.584763145790215742e-04
-8.289561875956592829e-03 -1.451792089888055970e-01 2.631720182655426636e-04
-7.883068235220060463e-03 -1.472142618629548594e-01 2.705160573962494793e-04
-7.493764937314965208e-03 -1.499466386112844607e-01 2.806391910879660963e-04
-7.121180481647140965e-03 -1.533886195579516887e-01 2.937434041019464136e-04
-6.764830827363745545e-03 -1.575537467328480268e-01 3.100833525268742344e-04
-6.424223751717116244e-03 -1.624449244386537150e-01 3.299224864699176426e-04
-6.098862897609321973e-03 -1.680042088772512043e-01 3.533183185705539775e-04
-5.788251323377481376e-03 -1.738874295066488440e-01 3.790911300951404638e-04
-5.491891722943445173e-03 -1.784503039643301203e-01 4.000173367840513462e-04
-5.209264860107306466e-03 -1.741879358676699241e-01 3.819710095137049746e-04
-4.939824178703857045e-03 -1.610813105119048849e-01 3.273941913244083593e-04
-4.683062885631510824e-03 -1.465958628618179715e-01 2.717674023669382861e-04
-4.438491825073448936e-03 -1.323353992202658536e-01 2.219419695385457694e-04
-4.205632387601252256e-03 -1.186031434431249060e-01 1.786299191446114151e-04
-3.984016490762409823e-03 -1.054154962680272783e-01 1.413742725370184170e-04
-3.773186974454992380e-03 -9.272716734015572226e-02 1.095687324990865112e-04
-3.572697940243518139e-03 -8.048098568332368030e-02 8.265510512715852523e-05
-3.382115060763191128e-03 -6.861874116727932627e-02 6.015443906001444044e-05
-3.201015866066232382e-03 -5.708337079730387009e-02 4.166603369427589572e-05
-3.028989993825553263e-03 -4.581922824311494141e-02 2.686133773152622300e-05
-2.865639389048504036e-03 -3.477193354371792972e-02 1.547801010634317106e-05
-2.710578443499410319e-03 -2.388813463736843071e-02 7.315058795981985824e-06
-2.563434069764169120e-03 -1.311525334074830663e-02 2.229132928166897661e-06
-2.423845708464772084e-03 -2.401230860215696709e-03 1.319058604788984376e-07
-2.291465269543381013e-03 8.305724834803688422e-03 9.884851652923168040e-07
-2.165957010075339906e-03 1.905739024752689179e-02 4.816807608293598404e-06
-2.046997352046089381e-03 2.990577726011239834e-02 1.168800224453818932e-05
-1.934274644212955266e-03 4.090338485308171040e-02 2.172772968168759416e-05
-1.827488872819532087e-03 5.210345264859411046e-02 3.511853075414255192e-05
-1.726351326782390311e-03 6.356021664429913065e-02 5.210324365568245526e-05
-1.630583841033586426e-03 7.530808568661172264e-02 7.294882590604728138e-05
-1.539918648579022232e-03 8.737958756397624926e-02 9.795959727163679989e-05
-1.454098511968350332e-03 9.983034654465082480e-02 1.275405262665192023e-04
-1.372876070861436381e-03 1.127217602231472271e-01 1.621874050544917355e-04
-1.296013353240223253e-03 1.261150415205016806e-01 2.024829549099580221e-04
-1.223281231382509398e-03 1.400595488749031003e-01 2.490625156005629856e-04
-1.154458345984042547e-03 1.545427716266307983e-01 3.024062525923862073e-04
-1.089327634629535298e-03 1.692650147004013395e-01 3.617712254156226805e-04
-1.027663574142943749e-03 1.826249834473052946e-01 4.199964083412749730e-04
-9.691894274495240933e-04 1.871562334484798140e-01 4.399734941348236862e-04
-9.138173315832899416e-04 1.828835733493963112e-01 4.191632630322042648e-04
-8.615228191135294823e-04 1.773219589755105352e-01 3.932977351778106363e-04
-8.121585522672875642e-04 1.721208779820929125e-01 3.699684824513556456e-04
-7.655638125744790865e-04 1.676288435558684620e-01 3.504469719188961930e-04
-7.215843960027282710e-04 1.639081311832225607e-01 3.347088962009240947e-04
-6.800752506770580330e-04 1.609603054425053914e-01 3.225148627490958338e-04
-6.409002029845333901e-04 1.587763019715421886e-01 3.136361224074008967e-04
-6.039313162444910317e-04 1.573475181443694804e-01 3.078986682147472867e-04
-5.690483002001834548e-04 1.566682485729070373e-01 3.051897657734632305e-04
-5.361380249342011023e-04 1.567362088671913622e-01 3.054576203864862961e-04
-5.050941360180322181e-04 1.575315695240375735e-01 3.086281137837815236e-04
-4.758167457950614491e-04 1.590346716062469301e-01 3.146709425160587104e-04
-4.482121922177233707e-04 1.612507538476979085e-01 3.236954516095568086e-04
-4.221929172715424127e-04 1.641923926721628735e-01 3.358851939953821095e-04
-3.976774495892674340e-04 1.678733157255865305e-01 3.514774318142864181e-04
-3.745904527785330943e-04 1.722965160649007343e-01 3.707163908277509058e-04
-3.528626025298098562e-04 1.774040546796829543e-01 3.936276337892988383e-04
-3.324287666318267152e-04 1.828516962353481101e-01 4.189406204523883842e-04
-3.132155067951594837e-04 1.869950500482320532e-01 4.390846568289641697e-04
-2.950703565568740111e-04 1.823291615237453145e-01 4.184805458206669756e-04
-2.778622924096537587e-04 1.688348484398081717e-01 3.597923962999664219e-04
-2.615800484794859686e-04 1.539771718019706526e-01 3.000662582567121140e-04
-2.461896087008255403e-04 1.393595765070242687e-01 2.464524097544701321e-04
-2.316515658373068684e-04 1.252849177026644223e-01 1.996967353187621176e-04
-2.179266213854742036e-04 1.117692154392022075e-01 1.593228341958409478e-04
-2.049768249207646424e-04 9.876678703389868419e-02 1.246963642089923786e-04
-1.927656632355946879e-04 8.622005961549991659e-02 9.523160466102927816e-05
-1.812579402936723681e-04 7.407041402646513673e-02 7.042424187904339423e-05
-1.704196723324916238e-04 6.226037347476527650e-02 4.985048792227892697e-05
-1.602180273188810473e-04 5.073387523912255281e-02 3.316080867379059749e-05
-1.506212954346794399e-04 3.943612234315708315e-02 2.007378843388527972e-05
-1.415988733455282697e-04 2.831334685059051434e-02 1.037109177377195641e-05
-1.331212488345848155e-04 1.731255741483038804e-02 3.893601240903818595e-06
-1.251599765883015314e-04 6.381286176759062151e-03 5.386647277892210183e-07
-1.176876391442100372e-04 -4.532662647639133964e-03 2.583844539064298836e-07
-1.106777892793844149e-04 -1.548146294927223859e-02 3.058902607730237568e-06
-1.041048717164622160e-04 -2.651751672725020242e-02 9.000664609307560112e-06
-9.794412324615257804e-05 -3.769370504041002351e-02 1.819966653610020162e-05
-9.217145148322853829e-05 -4.906364090845520554e-02 3.082971891914147516e-05
-8.676329374953368578e-05 -6.068192451853393621e-02 4.712578528124920026e-05
-8.169619878118984408e-05 -7.258331969985305776e-02 6.734934641211060740e-05
-7.694676858933215742e-05 -8.480069926826541704e-02 9.179986939307702696e-05
-7.249190833524799503e-05 -9.739002184977166299e-02 1.208762952385850574e-04
-6.830856570167282641e-05 -1.104130089582118085e-01 1.550687335665489085e-04
-6.437354974331598912e-05 -1.239311870213374162e-01 1.949549703910396354e-04
-6.066330718181490203e-05 -1.379942177306120177e-01 2.411667635663202402e-04
-5.715327126302418204e-05 -1.525898842244924059e-01 2.941845523457156208e-04
-5.381521689902656356e-05 -1.674187792115868489e-01 3.532802747334042449e-04
-5.060683729441096566e-05 -1.808799044758337138e-01 4.113680711339500850e-04
-4.743677751015079000e-05 -1.855071816984957822e-01 4.316675934141544027e-04
-4.436796637220686304e-05 -1.813256446218688422e-01 4.115552049862901754e-04
-4.150930804258141796e-05 -1.758503696253380655e-01 3.863824310502518631e-04
-3.885961504742041869e-05 -1.707310548675701478e-01 3.636728313627968527e-04
-3.640080697330755035e-05 -1.663164349378370988e-01 3.446933929059744399e-04
-3.411492033433552115e-05 -1.626690011443121808e-01 3.294271316968665490e-04
-3.198647189099777577e-05 -1.597905251636137225e-01 3.176432573412593533e-04
-3.000239267976494392e-05 -1.576721406191129715e-01 3.091208979898428803e-04
-2.815167206287029909e-05 -1.563054339343308563e-01 3.036929332631527309e-04
-2.642505485704208789e-05 -1.556848801271123739e-01 3.012525942903167275e-04
-2.481483205969271151e-05 -1.558083668843250058e-01 3.017532496024345149e-04
-2.331471849560028676e-05 -1.566562288816357451e-01 3.051257369442045568e-04
-2.191978787841878838e-05 -1.582089636347445982e-01 3.113440723991396544e-04
-2.062648027387644671e-05 -1.604719587975733386e-01 3.205208626185611365e-04
-1.943271711865843083e-05 -1.634579326068171801e-01 3.328424177573031115e-04
-1.833810283543930436e-05 -1.671807477370544082e-01 3.485484451368021583e-04
-1.734417685848869186e-05 -1.716435258110594886e-01 3.678855409846769559e-04
-1.645446104057512424e-05 -1.767884503396158491e-01 3.908823386029489045e-04
-1.567268424844268771e-05 -1.822714033149542834e-01 4.162752095124336283e-04
-1.498976549748664724e-05 -1.864481087887859545e-01 4.365174105686241103e-04
-1.431001023557183550e-05 -1.818137333565738312e-01 4.161263474492094385e-04
-1.355982968487412177e-05 -1.683491839918364597e-01 3.577447439185253144e-04
-1.278811685982060284e-05 -1.535195945836661524e-01 2.983118360413005853e-04
-1.201512103561238759e-05 -1.389284983659904715e-01 2.449600925071715864e-04
-1.125200753588610989e-05 -1.248788376850776399e-01 1.984354668803505763e-04
-1.050705768914949951e-05 -1.113867156426423533e-01 1.582647814754989781e-04
-9.787206352023304667e-06 -9.840652813743604177e-02 1.238171055911846917e-04
-9.098319171158762743e-06 -8.588077657272991106e-02 9.450977906791097180e-05
-8.445225246283918184e-06 -7.375091199426726807e-02 6.984114810477533536e-05
-7.831748619848950829e-06 -6.195952397581350884e-02 4.938972435544161958e-05
-7.260773232459292072e-06 -5.045061254389607980e-02 3.280796284355754161e-05
-6.734330089697796155e-06 -3.916944005628719000e-02 1.981617091214454919e-05
-6.253690551088093197e-06 -2.806229468744522726e-02 1.019750733388350916e-05
-5.819453159109625498e-06 -1.707623815554291241e-02 3.794150979959297611e-06
-5.431615464572416387e-06 -6.158852786133496224e-03 5.045739208042814507e-07
-5.089625413107849434e-06 4.742009744821518852e-03 2.818518275660031477e-07
-4.792409038799661804e-06 1.567847844707357177e-02 3.132967459225764055e-06
-4.538372739690736664e-06 2.670291288023127207e-02 9.119088778068342238e-06
-4.325379576316575752e-06 3.786815397612539741e-02 1.835682869401569325e-05
-4.150700107699846138e-06 4.922777681819402729e-02 3.102051900432867466e-05
-4.010939519603159348e-06 6.083634573320344241e-02 4.734555718129834778e-05
-3.901687997359333220e-06 7.272859065431304393e-02 6.759370975334489718e-05
-3.817518578606979288e-06 8.493735236660925059e-02 9.206466736565845435e-05
-3.752291176685166879e-06 9.751855923789629066e-02 1.211576049578279920e-04
-3.698951573811355556e-06 1.105339042021604157e-01 1.553628075409573971e-04
-3.649403474228285812e-06 1.240448866987948623e-01 1.952581615830569048e-04
-3.594335148203982539e-06 1.381011429402361490e-01 2.414754320643796638e-04
-3.522618272792950481e-06 1.526904320131546589e-01 2.944949082404457047e-04
-3.418719307462267626e-06 1.675133238997359997e-01 3.535879892369399096e-04
-3.252361593552688465e-06 1.809687987672119469e-01 4.116670784216568645e-04
-2.943760889208781326e-06 1.855907570647915006e-01 4.319459513320412320e-04
-2.566145065652067752e-06 1.814042135831630265e-01 4.118058111689921162e-04
-2.237896382867403242e-06 1.759242277376708297e-01 3.866069395821163796e-04
-1.967204297652495111e-06 1.708004807525509705e-01 3.638741032726429121e-04
-1.744908894913082972e-06 1.663816910515406866e-01 3.448741414930667258e-04
-1.561466286610473049e-06 1.627303346639053516e-01 3.295897124957215796e-04
-1.409326421855408007e-06 1.598481688569432513e-01 3.177896711060672731e-04
-1.282891999346970021e-06 1.577263136721699377e-01 3.092528270360382723e-04
