-3.906880771736273339e-15 -2.455099786590827773e-28 3.335396495104734739e-14
-2.075261210996861595e-03 6.706968651440261761e-03 6.283678297660596356e-07
-6.408074357870659904e-03 2.117739240544260632e-02 6.235678537565657744e-06
-1.071266092813707820e-02 3.656600897587850008e-02 1.846774433125313516e-05
-1.453456369936015867e-02 5.147046690306702338e-02 3.632218073998468071e-05
-1.782166712884956233e-02 6.569064448682011836e-02 5.870886107340521310e-05
-2.060689015498244278e-02 7.928470569385635824e-02 8.485164251190944465e-05
-2.293800907016254817e-02 9.235145282165263536e-02 1.142291367249282204e-04
-2.486239797799413842e-02 1.049442863435118001e-01 1.463940643492997278e-04
-2.642395467217413876e-02 1.168801899208924133e-01 1.803254537476713050e-04
-2.766272605395727821e-02 1.269217703708798717e-01 2.114769562057302568e-04
-2.861519499177677187e-02 1.291052318284866551e-01 2.187386108845520961e-04
-2.931441643036096500e-02 1.234872999745377925e-01 2.010999894940016755e-04
-2.979013519565715598e-02 1.161451556693245124e-01 1.791168933059454345e-04
-3.006925957759769633e-02 1.084305928958644444e-01 1.574028467515959859e-04
-3.017609454032875796e-02 1.006428234055553733e-01 1.369369282791516170e-04
-3.013256481421915448e-02 9.284518541970590566e-02 1.179192377343978623e-04
-2.995842353885810536e-02 8.504683554216573016e-02 1.003849429589987868e-04
-2.967144497593773508e-02 7.724323978234701182e-02 8.433510813861354034e-05
-2.928760151753063978e-02 6.942525514944983267e-02 6.976566665718047545e-05
-2.882122591318552265e-02 6.158121280727639479e-02 5.667505534425568993e-05
-2.828515981271221072e-02 5.369743094909360664e-02 4.506737571908166792e-05
-2.769088970919786341e-02 4.575836496806393039e-02 3.495461791411743377e-05
-2.704867130184887211e-02 3.774666403018375055e-02 2.635870844214070622e-05
-2.636764322300737956e-02 2.964319441229596591e-02 1.931357016995114234e-05
-2.565593100005537572e-02 2.142704346975903007e-02 1.386726728413626356e-05
-2.492074205383807903e-02 1.307550767788987975e-02 1.008428721689201586e-05
-2.416845247121178139e-02 4.564065797204864584e-03 8.048010666500802519e-06
-2.340468623022190151e-02 -4.133662389082339017e-03 7.863424842533820572e-06
-2.263438750197676458e-02 -1.304597149768153136e-02 9.660141038701763465e-06
-2.186188660322008204e-02 -2.220313986052545319e-02 1.359578523296456059e-05
-2.109096012765082281e-02 -3.163751204528863353e-02 1.985983948842158872e-05
-2.032488499890163988e-02 -4.136662636133795617e-02 2.865970223791990126e-05
-1.956648916257669804e-02 -5.140755687237091170e-02 4.022337197739200138e-05
-1.881819789550604957e-02 -6.179692182033738601e-02 5.483189711835747675e-05
-1.808207444524341512e-02 -7.257685468015348529e-02 7.282078984477501733e-05
-1.735985741168642044e-02 -8.379013105729361810e-02 9.458062312372754932e-05
-1.665299461242267590e-02 -9.547070648102501389e-02 1.205394888353350773e-04
-1.596267295914506265e-02 -1.076034025007993056e-01 1.510452526744188650e-04
-1.528984189579690907e-02 -1.199425237318776649e-01 1.857451660679901068e-04
-1.463522024858631733e-02 -1.311954404039005762e-01 2.205286405543699629e-04
-1.399924839884089320e-02 -1.353498872462398084e-01 2.336113672423606772e-04
-1.338244170028810194e-02 -1.324224544402581027e-01 2.229978143282855280e-04
-1.278527735956733018e-02 -1.284580363404563552e-01 2.093644050029061000e-04
-1.220793264237739033e-02 -1.247817346948932177e-01 1.971352723640257037e-04
-1.165044354861199775e-02 -1.216720125316545220e-01 1.870583846533228217e-04
-1.111274682586964845e-02 -1.191772582444370898e-01 1.791277060641980289e-04
-1.059469763852808818e-02 -1.172972513395719452e-01 1.732130172735036418e-04
-1.009608158605482427e-02 -1.160234418315780613e-01 1.691916136186642761e-04
-9.616624784319851085e-03 -1.153478530175557626e-01 1.669740935242761777e-04
-9.156002798485732286e-03 -1.152650207952703038e-01 1.665082236021893890e-04
-8.713848647113955903e-03 -1.157723963370198977e-01 1.677787990259235697e-04
-8.289760028374851264e-03 -1.168534533634440209e-01 1.707579468859359299e-04
-7.883305787948192977e-03 -1.184919312214565701e-01 1.754438834080991757e-04
-7.494031585444512270e-03 -1.206917240100117000e-01 1.819184813553106884e-04
-7.121465032079868709e-03 -1.234627344754097439e-01 1.903086865373696326e-04
-6.765120325145141181e-03 -1.268158831389422370e-01 2.007742390265496917e-04
-6.424502433717311535e-03 -1.307535306029803113e-01 2.134789584485356979e-04
-6.099110972400964906e-03 -1.352290610438584006e-01 2.284516378585924544e-04
-5.788444062991492459e-03 -1.399654600261190374e-01 2.449202201741612172e-04
-5.492002669162152073e-03 -1.436391567904780064e-01 2.582136887023726130e-04
-5.209295335641847720e-03 -1.402088773972328672e-01 2.463357005297592338e-04
-4.939806735350818143e-03 -1.296590961264140196e-01 2.109388751006286312e-04
-4.683019551322866771e-03 -1.179992242678544745e-01 1.749354518944481356e-04
-4.438438854712701068e-03 -1.065203411365906044e-01 1.427349548820364437e-04
-4.205582096849750685e-03 -9.546658996670591424e-02 1.147832035129707463e-04
-3.983977707191424002e-03 -8.485121575446404052e-02 9.077304148916946064e-05
-3.773165219253110225e-03 -7.463779234829727438e-02 7.030256001091079131e-05
-3.572695652635556138e-03 -6.478032132430522338e-02 5.300242951234437693e-05
-3.382131898272420448e-03 -5.523196142787646645e-02 3.855590664819210961e-05
-3.201049050776956506e-03 -4.594679033040789673e-02 2.669808708039950559e-05
-3.029034673260442949e-03 -3.688002302219927503e-02 1.721184620385816984e-05
-2.865688990992269498e-03 -2.798789191707793181e-02 9.923882025195058441e-06
-2.710625014526291121e-03 -1.922745570726867512e-02 4.701462177604829087e-06
-2.563468595116792821e-03 -1.055639548495859031e-02 1.449931827016086874e-06
-2.423858416484650675e-03 -1.932810314748679027e-03 1.109474896490492606e-07
-2.291445927652000815e-03 6.684985836261592151e-03 6.613985607003852835e-07
-2.165895221852111481e-03 1.533866616955772109e-02 3.112991191114399010e-06
-2.046882866588496577e-03 2.407009297105036291e-02 7.512484254982840619e-06
-1.934097689883649412e-03 3.292152028966293525e-02 1.394258236242327030e-05
-1.827240527728412993e-03 4.193579819967038075e-02 2.252350621508632261e-05
-1.726023937819774019e-03 5.115657895895127372e-02 3.341527606790906346e-05
-1.630171698065947632e-03 6.061155836271128750e-02 4.679463122493213921e-05
-1.539418608052365266e-03 7.032692052675690308e-02 6.286357776581098105e-05
-1.453510395931970024e-03 8.034744080957768875e-02 8.189004847777481733e-05
-1.372203234818339911e-03 9.072254452212695497e-02 1.042017321047382833e-04
-1.295263343886447153e-03 1.015015134218454906e-01 1.301836508010337473e-04
-1.222466562552121166e-03 1.127240961909949379e-01 1.602560616038195443e-04
-1.153597680278441564e-03 1.243802608973406942e-01 1.947403601839745740e-04
-1.088448683235690570e-03 1.362288720306182033e-01 2.331695903780050855e-04
-1.026812816623055629e-03 1.469813241207714172e-01 2.709323437605863898e-04
-9.684650148237301933e-04 1.506288821063400674e-01 2.840607820183637354e-04
-9.132696960830075051e-04 1.471913017209879881e-01 2.708350271272554435e-04
-8.611245144196753723e-04 1.427162624094962251e-01 2.542906294664475054e-04
-8.118761972791578574e-04 1.385312411360060392e-01 2.393385351392905648e-04
-7.653695791602574145e-04 1.349167493645990201e-01 2.268115235710512542e-04
-7.214563926143226572e-04 1.319229392510520016e-01 2.167030570284208602e-04
-6.799963081168449580e-04 1.295510996076528476e-01 2.088652095956015356e-04
-6.408566604562453356e-04 1.277939615704651033e-01 2.031549909518876181e-04
-6.039120089277446798e-04 1.266446251409525936e-01 1.994632580749342097e-04
-5.690437217616883727e-04 1.260985201107934772e-01 1.977192264552028516e-04
-5.361396099321843328e-04 1.261538283720151921e-01 1.978904383990009845e-04
-5.050936097311689533e-04 1.267946093874279256e-01 1.999289173439940755e-04
-4.758055046115704538e-04 1.280050591800377113e-01 2.038140576297662991e-04
-4.481806778376366146e-04 1.297894136651298880e-01 2.096146720740991749e-04
-4.221299211460989966e-04 1.321578160931716206e-01 2.174464478285498151e-04
-3.975692942660977234e-04 1.351213383115945632e-01 2.274584314599288636e-04
-3.744200186645759982e-04 1.386824141488085249e-01 2.398024600142597629e-04
-3.526083096243801942e-04 1.427944335533410380e-01 2.544869297234300816e-04
-3.320645239209806801e-04 1.471803328887832940e-01 2.706806889353132882e-04
-3.127179356419316700e-04 1.505164613906117554e-01 2.834851658856432080e-04
-2.944675593706040607e-04 1.467615185375615861e-01 2.699494615458352558e-04
-2.772226839528295220e-04 1.358998125866420770e-01 2.318722191713070444e-04
-2.609436602966301697e-04 1.239404188464373752e-01 1.931956831072462882e-04
-2.455836431092191545e-04 1.121741297378397728e-01 1.585269965168766460e-04
-2.310954174220478097e-04 1.008448004920644708e-01 1.283347673316903971e-04
-2.174335198941699273e-04 8.996537736363099946e-02 1.022992153028028800e-04
-2.045546459468125522e-04 7.949912441437237409e-02 7.999989680281740926e-05
-1.924175964737834894e-04 6.939972428265264726e-02 6.104914760334488859e-05
-1.809831456693961808e-04 5.962000987570684890e-02 4.511324322652886302e-05
-1.702139206318748030e-04 5.011372827949760189e-02 3.191177212464522657e-05
-1.600743039645111804e-04 4.083576110857888714e-02 2.121349482847534275e-05
-1.505303533449880451e-04 3.174200636026364153e-02 1.283227591136793450e-05
-1.415497305380396579e-04 2.278918882079617250e-02 6.623724309026295909e-06
-1.331016339828844451e-04 1.393465755352161356e-02 2.482603639109467072e-06
-1.251567308780506731e-04 5.136182667361773035e-03 3.409770143769222974e-07
-1.176870860594550673e-04 -3.648246713869667326e-03 1.670469514641608280e-07
-1.106660859384636214e-04 -1.246062362689118359e-02 1.964664002071823818e-06
-1.040683564546915628e-04 -2.134312442013399855e-02 5.773493102385397067e-06
-9.786967452720186954e-05 -3.033831078678927637e-02 1.166984205475666971e-05
-9.204687297175558546e-05 -3.948933348956171208e-02 1.976817204510911396e-05
-8.657773940097647578e-05 -4.884013807886256747e-02 3.022332568673470046e-05
-8.144079956207637137e-05 -5.841870617495647372e-02 4.320842071517479903e-05
-7.661525712500950034e-05 -6.825149969480394374e-02 5.892226386626300962e-05
-7.208106473108620354e-05 -7.838356326140569208e-02 7.762886823585787984e-05
-6.781877962907490137e-05 -8.886458303924804625e-02 9.965224601594637127e-05
-6.380945563295811914e-05 -9.974409322499371011e-02 1.253742374520005088e-04
-6.003451897040027905e-05 -1.110620866158896353e-01 1.552127919917571739e-04
-5.647546539998491160e-05 -1.228087675747793067e-01 1.894894500366167656e-04
-5.311271824121405807e-05 -1.347432312470556171e-01 2.277466403603944554e-04
-4.992120946286831347e-05 -1.455771064220003630e-01 2.654204438976496931e-04
-4.685561375392229623e-05 -1.493019343569979840e-01 2.787504552399646209e-04
-4.393603162404720634e-05 -1.459376562801428523e-01 2.659645396505484131e-04
-4.120229725400257053e-05 -1.415320698224881157e-01 2.498581870473502568e-04
-3.864817932694687372e-05 -1.374128251755729613e-01 2.352989979577294706e-04
-3.626065571639103090e-05 -1.338606121684036976e-01 2.231165531470454303e-04
-3.402706556589957037e-05 -1.309257561459695740e-01 2.133086712972998911e-04
-3.193608812826979188e-05 -1.286097120116514725e-01 2.057326720486499943e-04
-2.997769833491875570e-05 -1.269053697023675709e-01 2.002504125441156380e-04
-2.814300095538599622e-05 -1.258059808926749457e-01 1.967570151050460525e-04
-2.642408796270677630e-05 -1.253071201536958557e-01 1.951854107921741847e-04
-2.481393615018149097e-05 -1.254071075101497179e-01 1.955063741512552743e-04
-2.330634216209246911e-05 -1.260901342351891108e-01 1.976750504845906228e-04
-2.189588254107602963e-05 -1.273405219922822962e-01 2.016735659291706646e-04
-2.057790484106444061e-05 -1.291626263294559929e-01 2.075728013878186244e-04
-1.934856469314566961e-05 -1.315667044395262553e-01 2.154901987520097895e-04
-1.820490008097943208e-05 -1.345639366718537344e-01 2.255763665273741625e-04
-1.714492763306733205e-05 -1.381568601663356322e-01 2.379846602891356002e-04
-1.616765400593328476e-05 -1.422989633127164366e-01 2.527254425561288186e-04
-1.527232330966222056e-05 -1.467132766848442404e-01 2.689719691171688488e-04
-1.445294612213370707e-05 -1.500762414643724563e-01 2.818408876863286302e-04
-1.366730136749339074e-05 -1.463466539234026531e-01 2.684426043952470417e-04
-1.288252717906068771e-05 -1.355088964261440265e-01 2.305620675452165640e-04
-1.211729225976424563e-05 -1.235721047979197879e-01 1.920736047810451381e-04
-1.137836543225627167e-05 -1.118271421252976655e-01 1.575729979180822359e-04
-1.066881046024899006e-05 -1.005179331562772310e-01 1.275288792538919872e-04
-9.990580569207405158e-06 -8.965749042379900224e-02 1.016235195543195829e-04
-9.345157227276517999e-06 -7.920914079406965458e-02 7.943866024353316620e-05
-8.733660364637790106e-06 -6.912662634810136375e-02 6.058860728505332968e-05
-8.156856300312923693e-06 -5.936283624290264460e-02 4.474135582425748677e-05
-7.615165579785632508e-06 -4.987157079168987733e-02 3.161798640844729963e-05
-7.108685264746811297e-06 -4.060776197585822672e-02 2.098855420783539864e-05
-6.637220929934804790e-06 -3.152735545184695565e-02 1.266804829964850416e-05
-6.200321581385162816e-06 -2.258712110101453174e-02 6.513055297281817492e-06
-5.797312179371385605e-06 -1.374445065317262023e-02 2.419189324863275527e-06
-5.427320145987095165e-06 -4.957154582730129849e-03 3.192533964174506463e-07
-5.089293546385218526e-06 3.816739801437995377e-03 1.820933107841129586e-07
-4.782009553841190481e-06 1.261918941745871457e-02 2.012118107643215548e-06
-4.504072456825478321e-06 2.149233645382550573e-02 5.849476417878948267e-06
-4.253900962295779608e-06 3.047871030036640103e-02 1.177089339327422638e-05
-4.029705006392396787e-06 3.962143117629882832e-02 1.989118833633614361e-05
-3.829452810457185244e-06 4.896441575678980168e-02 3.036550869419143330e-05
-3.650721724576465289e-06 5.853561836853601180e-02 4.336718415760239590e-05
-3.490695606479656374e-06 6.836147513339037307e-02 5.909519611657582859e-05
-3.346291100822298264e-06 7.848700629997912293e-02 7.781374398637361538e-05
-3.214071606365686553e-06 8.896187500583556396e-02 9.984699428180427512e-05
-3.090192240060771528e-06 9.983559369800928951e-02 1.255768994304351516e-04
-2.970325928878954438e-06 1.111481346348156263e-01 1.554214659497009843e-04
-2.849409942396585535e-06 1.228896827860932184e-01 1.897021857136383771e-04
-2.720557810429061893e-06 1.348193149793759926e-01 2.279611325300489146e-04
-2.570717347733489178e-06 1.456486426451396032e-01 2.656329435314299823e-04
-2.366073246035868278e-06 1.493691903292501677e-01 2.789515595035080785e-04
-2.137101607684696805e-06 1.460008839284880067e-01 2.661475616050951632e-04
-1.933237877776232474e-06 1.415915069586418384e-01 2.500237297923074112e-04
-1.757646198077998385e-06 1.374686958986744423e-01 2.354488570469042297e-04
-1.606222414315549169e-06 1.339131275634573293e-01 2.232525390176472581e-04
-1.474718502531747834e-06 1.309751150129585262e-01 2.134323994484274860e-04
-1.359739630996642953e-06 1.286561015667526398e-01 2.058455448245664486e-04
-1.258725527901052972e-06 1.269489662420281717e-01 2.003536359475936149e-04
