0.000000000000000000e+00 0.000000000000000000e+00 0.000000000000000000e+00
-2.075241866094966817e-03 6.706888434876296691e-03 0.000000000000000000e+00
-6.407891284904305637e-03 2.117661042613011579e-02 0.000000000000000000e+00
-1.071215923669842883e-02 3.656375826758189590e-02 0.000000000000000000e+00
-1.453367332156159028e-02 5.146620243387169114e-02 0.000000000000000000e+00
-1.782040286585293010e-02 6.568406333114418238e-02 0.000000000000000000e+00
-2.060533505034367260e-02 7.927571218285234256e-02 0.000000000000000000e+00
-2.293629825941682215e-02 9.234013037202862262e-02 0.000000000000000000e+00
-2.486070427803161939e-02 1.049308833778384437e-01 0.000000000000000000e+00
-2.642247279632534834e-02 1.168651304908705363e-01 0.000000000000000000e+00
-2.766163863976228710e-02 1.269057292759507016e-01 0.000000000000000000e+00
-2.861453168353852300e-02 1.290894005373075526e-01 0.000000000000000000e+00
-2.931406219963844650e-02 1.234724933885197606e-01 0.000000000000000000e+00
-2.979000948747601712e-02 1.161314557833221239e-01 0.000000000000000000e+00
-3.006929267917126530e-02 1.084179451032566133e-01 0.000000000000000000e+00
-3.017622050410656565e-02 1.006311552673428145e-01 0.000000000000000000e+00
-3.013272066086023285e-02 9.283443074898276026e-02 0.000000000000000000e+00
-2.995855019746234554e-02 8.503693979455939633e-02 0.000000000000000000e+00
-2.967148837028493746e-02 7.723416157258559955e-02 0.000000000000000000e+00
-2.928751337678716163e-02 6.941696683952917890e-02 0.000000000000000000e+00
-2.882096425706237586e-02 6.157370079686748376e-02 0.000000000000000000e+00
-2.828468915967409167e-02 5.369069583354679071e-02 0.000000000000000000e+00
-2.769018107391625280e-02 4.575242162431693294e-02 0.000000000000000000e+00
-2.704770204411922202e-02 3.774154165701564673e-02 0.000000000000000000e+00
-2.636639680169328842e-02 2.963893653170627737e-02 0.000000000000000000e+00
-2.565439667681619629e-02 2.142370787889728498e-02 0.000000000000000000e+00
-2.491891458357720773e-02 1.307316632280421456e-02 0.000000000000000000e+00
-2.416633180955835014e-02 4.562804519239778075e-03 0.000000000000000000e+00
-2.340227728286416869e-02 -4.133744307418020687e-03 0.000000000000000000e+00
-2.263169993613475123e-02 -1.304476208958112692e-02 0.000000000000000000e+00
-2.185893473775033305e-02 -2.220051567244498564e-02 0.000000000000000000e+00
-2.108776291494083438e-02 -3.163333995775923640e-02 0.000000000000000000e+00
-2.032146685154943844e-02 -4.136076953887997398e-02 0.000000000000000000e+00
-1.956288010445698944e-02 -5.139988009681886044e-02 0.000000000000000000e+00
-1.881443294673361757e-02 -6.178729404647659990e-02 0.000000000000000000e+00
-1.807819381144918150e-02 -7.256515558760945339e-02 0.000000000000000000e+00
-1.735590697409240477e-02 -8.377626110410955895e-02 0.000000000000000000e+00
-1.664902675805417578e-02 -9.545460268257842384e-02 0.000000000000000000e+00
-1.595874840687149313e-02 -1.075850691017010835e-01 0.000000000000000000e+00
-1.528603522583187393e-02 -1.199221158482902949e-01 0.000000000000000000e+00
-1.463163924658742766e-02 -1.311735603861264032e-01 0.000000000000000000e+00
-1.399610218154858851e-02 -1.353287120913763131e-01 0.000000000000000000e+00
-1.337984155994864990e-02 -1.324037616124242589e-01 0.000000000000000000e+00
-1.278316973547057901e-02 -1.284418402326673314e-01 0.000000000000000000e+00
-1.220624594017530665e-02 -1.247677492091730789e-01 0.000000000000000000e+00
-1.164911404556789355e-02 -1.216599478473840562e-01 0.000000000000000000e+00
-1.111172149339476577e-02 -1.191668714190002448e-01 0.000000000000000000e+00
-1.059393299017395706e-02 -1.172883495806771315e-01 0.000000000000000000e+00
-1.009554208144001868e-02 -1.160158780591186573e-01 0.000000000000000000e+00
-9.616281384222035225e-03 -1.153415213211579221e-01 0.000000000000000000e+00
-9.155831729365671717e-03 -1.152598531318217573e-01 0.000000000000000000e+00
-8.713830341533198090e-03 -1.157683606334363874e-01 0.000000000000000000e+00
-8.289878151104766377e-03 -1.168505532236660815e-01 0.000000000000000000e+00
-7.883546319134805344e-03 -1.184902053953666434e-01 0.000000000000000000e+00
-7.494382048470347481e-03 -1.206912472996745506e-01 0.000000000000000000e+00
-7.121913747627140433e-03 -1.234636210659827149e-01 0.000000000000000000e+00
-6.765655608236127022e-03 -1.268182913764266395e-01 0.000000000000000000e+00
-6.425111651607028594e-03 -1.307576683131962958e-01 0.000000000000000000e+00
-6.099779295132354805e-03 -1.352351865526493224e-01 0.000000000000000000e+00
-5.789152484831447225e-03 -1.399738520548428899e-01 0.000000000000000000e+00
-5.492724436276630318e-03 -1.436499120243716343e-01 0.000000000000000000e+00
-5.209990022422597913e-03 -1.402208570811268318e-01 0.000000000000000000e+00
-4.940447843448784494e-03 -1.296706799013870870e-01 0.000000000000000000e+00
-4.683602010597846636e-03 -1.180098003872617485e-01 0.000000000000000000e+00
-4.438963673128580416e-03 -1.065296567919879200e-01 0.000000000000000000e+00
-4.206052314877599743e-03 -9.547455098896423520e-02 0.000000000000000000e+00
-3.984396844521406224e-03 -8.485781839036359020e-02 0.000000000000000000e+00
-3.773536501431226913e-03 -7.464309254117676429e-02 0.000000000000000000e+00
-3.573021597000643809e-03 -6.478441649367314148e-02 0.000000000000000000e+00
-3.382414109485437029e-03 -5.523497800820118681e-02 0.000000000000000000e+00
-3.201288148712142043e-03 -4.594887488364121642e-02 0.000000000000000000e+00
-3.029230305473755176e-03 -3.688133591699126190e-02 0.000000000000000000e+00
-2.865839899025898231e-03 -2.798860293556803755e-02 0.000000000000000000e+00
-2.710729134813654427e-03 -1.922774110390946395e-02 0.000000000000000000e+00
-2.563523183388136551e-03 -1.055643612168223090e-02 0.000000000000000000e+00
-2.423860190403406053e-03 -1.932790566693292321e-03 0.000000000000000000e+00
-2.291391226610118084e-03 6.684878660829941116e-03 0.000000000000000000e+00
-2.165780185874335850e-03 1.533824211895228919e-02 0.000000000000000000e+00
-2.046703638441167098e-03 2.406915965586694378e-02 0.000000000000000000e+00
-1.933850645926612089e-03 3.291988320759983017e-02 0.000000000000000000e+00
-1.826922543851120092e-03 4.193326139342904574e-02 0.000000000000000000e+00
-1.725632696919275275e-03 5.115294624674503882e-02 0.000000000000000000e+00
-1.629706231696613798e-03 6.060663808884644843e-02 0.000000000000000000e+00
-1.538879750832061397e-03 7.032053064865108338e-02 0.000000000000000000e+00
-1.452901032518564596e-03 8.033941168547382994e-02 0.000000000000000000e+00
-1.371528718471121035e-03 9.071272497710110294e-02 0.000000000000000000e+00
-1.294531993326955436e-03 1.014897802687768358e-01 0.000000000000000000e+00
-1.221690258033717976e-03 1.127103695547529150e-01 0.000000000000000000e+00
-1.152792799485137737e-03 1.243645345971849253e-01 0.000000000000000000e+00
-1.087638458386738869e-03 1.362112977477761833e-01 0.000000000000000000e+00
-1.026035297084437140e-03 1.469625127674713538e-01 0.000000000000000000e+00
-9.678002688637022408e-04 1.506110454899268203e-01 0.000000000000000000e+00
-9.127588900242494547e-04 1.471762094841875812e-01 0.000000000000000000e+00
-8.607449158530011690e-04 1.427038676610433154e-01 0.000000000000000000e+00
-8.116000214544303497e-04 1.385212001326651121e-01 0.000000000000000000e+00
-7.651734882506961268e-04 1.349087273954727439e-01 0.000000000000000000e+00
-7.213218968327039403e-04 1.319166602282901835e-01 0.000000000000000000e+00
-6.799088267259221054e-04 1.295463472254569648e-01 0.000000000000000000e+00
-6.408045635301845653e-04 1.277905729713984528e-01 0.000000000000000000e+00
-6.038858137996285652e-04 1.266424847967207723e-01 0.000000000000000000e+00
-5.690354279462944654e-04 1.260975552223749796e-01 0.000000000000000000e+00
-5.361421313777435136e-04 1.261540059119827528e-01 0.000000000000000000e+00
-5.051002640144484045e-04 1.267959345820362793e-01 0.000000000000000000e+00
-4.758095282758385987e-04 1.280075741906637476e-01 0.000000000000000000e+00
-4.481747455740102675e-04 1.297931983112854126e-01 0.000000000000000000e+00
-4.221056213105567529e-04 1.321629908578344503e-01 0.000000000000000000e+00
-3.975165183340862037e-04 1.351280687812502213e-01 0.000000000000000000e+00
-3.743262387832366938e-04 1.386909158675742049e-01 0.000000000000000000e+00
-3.524578142118280901e-04 1.428049718143735991e-01 0.000000000000000000e+00
-3.318383038687800629e-04 1.471931878283321282e-01 0.000000000000000000e+00
-3.123986009850734740e-04 1.505317046062741582e-01 0.000000000000000000e+00
-2.940732469030091613e-04 1.467778617174017586e-01 0.000000000000000000e+00
-2.768002528689859562e-04 1.359154627196832443e-01 0.000000000000000000e+00
-2.605209292995750423e-04 1.239547061348439810e-01 0.000000000000000000e+00
-2.451797223215861619e-04 1.121867817702812964e-01 0.000000000000000000e+00
-2.307240573798402679e-04 1.008557206314546068e-01 0.000000000000000000e+00
-2.171041897012061057e-04 8.997456898152511595e-02 0.000000000000000000e+00
-2.042730613999270135e-04 7.950665662067968320e-02 0.000000000000000000e+00
-1.921861650071729163e-04 6.940571153271206384e-02 0.000000000000000000e+00
-1.808014132069150741e-04 5.962459798370326608e-02 0.000000000000000000e+00
-1.700790145604739838e-04 5.011708441166482647e-02 0.000000000000000000e+00
-1.599813550032961132e-04 4.083806663908708112e-02 0.000000000000000000e+00
-1.504728848995412211e-04 3.174345188149989977e-02 0.000000000000000000e+00
-1.415200114427975697e-04 2.278997078115726355e-02 0.000000000000000000e+00
-1.330909961945921918e-04 1.393497610678922326e-02 0.000000000000000000e+00
-1.251558575561882551e-04 5.136240395973747097e-03 0.000000000000000000e+00
-1.176862779734559237e-04 -3.648245483256473080e-03 0.000000000000000000e+00
-1.106555156792009639e-04 -1.246047315921919828e-02 0.000000000000000000e+00
-1.040383207822506115e-04 -2.134261778099687257e-02 0.000000000000000000e+00
-9.781085551773776156e-05 -3.033724013981019263e-02 0.000000000000000000e+00
-9.195061847830743958e-05 -3.948749070521209714e-02 0.000000000000000000e+00
-8.643637265141857710e-05 -4.883731590113078724e-02 0.000000000000000000e+00
-8.124807709341387932e-05 -5.841470261773827610e-02 0.000000000000000000e+00
-7.636682207659391199e-05 -6.824612305168292758e-02 0.000000000000000000e+00
-7.177476755112020400e-05 -7.837663512238150776e-02 0.000000000000000000e+00
-6.745508476914329420e-05 -8.885594431804334781e-02 0.000000000000000000e+00
-6.339190092407122942e-05 -9.973361355930568384e-02 0.000000000000000000e+00
-5.957024666339800692e-05 -1.110496794451467650e-01 0.000000000000000000e+00
-5.597600633892132517e-05 -1.227944197795544784e-01 0.000000000000000000e+00
-5.259587086347834972e-05 -1.347270844386737054e-01 0.000000000000000000e+00
-4.941729304856204500e-05 -1.455597462686218646e-01 0.000000000000000000e+00
-4.642844530230935278e-05 -1.492854818551049012e-01 0.000000000000000000e+00
-4.361817957232544895e-05 -1.459238073161392424e-01 0.000000000000000000e+00
-4.097598942267788248e-05 -1.415207800586567033e-01 0.000000000000000000e+00
-3.849197413913632104e-05 -1.374037668052865147e-01 0.000000000000000000e+00
-3.615680476131684855e-05 -1.338534669583115455e-01 0.000000000000000000e+00
-3.396169194486241255e-05 -1.309202626902236655e-01 0.000000000000000000e+00
-3.189835556110284364e-05 -1.286056666782048052e-01 0.000000000000000000e+00
-2.995899594580703670e-05 -1.269026204869594388e-01 0.000000000000000000e+00
-2.813626671268103379e-05 -1.258044215381254327e-01 0.000000000000000000e+00
-2.642324905114508136e-05 -1.253066857711861715e-01 0.000000000000000000e+00
-2.481342743167456557e-05 -1.254077718145488185e-01 0.000000000000000000e+00
-2.330066664559985134e-05 -1.260919081152511445e-01 0.000000000000000000e+00
-2.187919010972195932e-05 -1.273434523468973123e-01 0.000000000000000000e+00
-2.054355936943547532e-05 -1.291667970011996514e-01 0.000000000000000000e+00
-1.928865473725329091e-05 -1.315722393289817937e-01 0.000000000000000000e+00
-1.810965700669939311e-05 -1.345710042496481573e-01 0.000000000000000000e+00
-1.700203018446339926e-05 -1.381656783588514070e-01 0.000000000000000000e+00
-1.596150518654628750e-05 -1.423097992105772369e-01 0.000000000000000000e+00
-1.498406444680766987e-05 -1.467264111160639928e-01 0.000000000000000000e+00
-1.406592738890915785e-05 -1.500917433214760954e-01 0.000000000000000000e+00
-1.320353671512467581e-05 -1.463632195818290183e-01 0.000000000000000000e+00
-1.239354546782690901e-05 -1.355247234638829457e-01 0.000000000000000000e+00
-1.163280482172219411e-05 -1.235865295022853250e-01 0.000000000000000000e+00
-1.091835256704345441e-05 -1.118398996971612103e-01 0.000000000000000000e+00
-1.024740224596212516e-05 -1.005289335966195047e-01 0.000000000000000000e+00
-9.617332906430459556e-06 -8.966674252090262032e-02 0.000000000000000000e+00
-9.025679439527198701e-06 -7.921671800059908175e-02 0.000000000000000000e+00
-8.470123468158841990e-06 -6.913264657650415590e-02 0.000000000000000000e+00
-7.948484756633492952e-06 -5.936744804600605635e-02 0.000000000000000000e+00
-7.458713112249322847e-06 -4.987494349491830570e-02 0.000000000000000000e+00
-6.998880751565182919e-06 -4.061007864677403795e-02 0.000000000000000000e+00
-6.567175105459079362e-06 -3.152880800277898382e-02 0.000000000000000000e+00
-6.161892038482790519e-06 -2.258790700163611914e-02 0.000000000000000000e+00
-5.781429459309869704e-06 -1.374477084029778265e-02 0.000000000000000000e+00
-5.424281300336887265e-06 -4.957212232318697169e-03 0.000000000000000000e+00
-5.089031845674434849e-06 3.816739919447196747e-03 0.000000000000000000e+00
-4.774350387883516457e-06 1.261904124331963799e-02 0.000000000000000000e+00
-4.478986194897239467e-06 2.149183282149415633e-02 0.000000000000000000e+00
-4.201763769553949720e-06 3.047764321418312480e-02 0.000000000000000000e+00
-3.941578385143536859e-06 3.961959240291424572e-02 0.000000000000000000e+00
-3.697391881279543362e-06 4.896159797787144607e-02 0.000000000000000000e+00
-3.468228705266632355e-06 5.853161956511071518e-02 0.000000000000000000e+00
-3.253172184950798230e-06 6.835610358604582437e-02 0.000000000000000000e+00
-3.051361019813490302e-06 7.848008359675687218e-02 0.000000000000000000e+00
-2.861985977809779312e-06 8.895324206065313710e-02 0.000000000000000000e+00
-2.684286786142769096e-06 9.982512014223046681e-02 0.000000000000000000e+00
-2.517549204821575596e-06 1.111357338864526478e-01 0.000000000000000000e+00
-2.361102272476178970e-06 1.228753416821006667e-01 0.000000000000000000e+00
-2.214315714495055350e-06 1.348031750686818353e-01 0.000000000000000000e+00
-2.076597504097183900e-06 1.456312895769599769e-01 0.000000000000000000e+00
-1.947391567493593405e-06 1.493527454441143376e-01 0.000000000000000000e+00
-1.826175624785310576e-06 1.459870433547111601e-01 0.000000000000000000e+00
-1.712459158715656217e-06 1.415802261481472757e-01 0.000000000000000000e+00
-1.605781503838218798e-06 1.374596467987456716e-01 0.000000000000000000e+00
-1.505710049087450190e-06 1.339059917353891405e-01 0.000000000000000000e+00
-1.411838547145253596e-06 1.309696308900107076e-01 0.000000000000000000e+00
-1.323785524363581203e-06 1.286520653921637003e-01 0.000000000000000000e+00
-1.241192785361876460e-06 1.269462259139977622e-01 0.000000000000000000e+00
-1.163724006745760861e-06 1.258453996037721678e-01 0.000000000000000000e+00
