1.994362170171882619e-03 -2.454792411953891917e-02 7.644519714007666045e-06
4.299492943438150763e-03 -2.641651304616271165e-02 9.056242601389982076e-06
3.386635477889300867e-03 -2.468499877189886046e-02 7.842903528475294748e-06
2.068123821924529142e-03 -2.651136290097487122e-02 8.916741893293842435e-06
8.161923420441237996e-04 -3.152298765132765385e-02 1.252571170702103310e-05
-1.621491123679256964e-04 -3.844390389337615926e-02 1.861095451767477636e-05
-8.206445594036193862e-04 -4.619688557643117366e-02 2.687888893008723987e-05
-1.209622544012716426e-03 -5.415576873508949618e-02 3.694258290504501247e-05
-1.416271182279500935e-03 -6.206658191570317562e-02 4.852420857094311434e-05
-1.521838720811515043e-03 -6.988598321682976122e-02 6.152112459934591931e-05
-1.585599668518529199e-03 -7.765355474073581954e-02 7.596108287025270646e-05
-1.647303483876941038e-03 -8.542400403522848462e-02 9.193619586069183677e-05
-1.733902634537537804e-03 -9.324136133679647442e-02 1.095568631377726601e-04
-1.862201533844655074e-03 -1.011383695725403958e-01 1.289404171112637910e-04
-2.033514049444848110e-03 -1.091528108841941930e-01 1.502463292101542929e-04
-2.221157463871499885e-03 -1.173518427463789843e-01 1.737563964939112520e-04
-2.354839630315457878e-03 -1.258714297665252668e-01 2.000373949434297084e-04
-2.302632607680330304e-03 -1.349544064732665360e-01 2.301632131319119115e-04
-1.866722188446525658e-03 -1.449434937389135758e-01 2.658591784927290778e-04
-8.226129455488481127e-04 -1.562129896658483175e-01 3.084596601748614692e-04
9.894308638619011935e-04 -1.436464346013225368e-01 2.635460254295725921e-04
3.533580381159457870e-03 -1.313015654537421362e-01 2.515239765384006234e-04
6.513049734703975531e-03 -1.204167211234875995e-01 2.942114298283334136e-04
1.012393782615866183e-02 -1.101226116388720616e-01 3.821692702482203607e-04
1.408255660884161556e-02 -1.000552997890243601e-01 4.886964062673610594e-04
1.806260680373341504e-02 -9.011010508051039980e-02 5.820100316611318252e-04
2.181403908780382359e-02 -8.039415981637698660e-02 6.379072451764517893e-04
2.524988484818873127e-02 -7.096555531926683480e-02 6.463409837319797954e-04
2.835800211478080660e-02 -6.182411454159331132e-02 6.123378766649717518e-04
3.117597998696373593e-02 -5.291418618439881066e-02 5.517460409225783541e-04
3.377006843126625218e-02 -4.413725212343973248e-02 4.844760114190106086e-04
3.620669807833532677e-02 -3.537098766746756690e-02 4.274441395479350249e-04
3.851364304381719311e-02 -2.649833233265985050e-02 3.890711226690078748e-04
4.063806202628557351e-02 -1.744819439914244846e-02 3.678270237792405535e-04
4.244650180739244910e-02 -8.232075353743104409e-03 3.547663342438387270e-04
4.383597637041429518e-02 1.067996353845310133e-03 3.305987748709061902e-04
4.477430436317393625e-02 1.038283596270500077e-02 2.893755560103487921e-04
4.528485967178064175e-02 1.973564523828465894e-02 2.608660056399292305e-04
4.550816546242932720e-02 2.924096294510622820e-02 2.677143342572717690e-04
4.567281277149162766e-02 3.905537798963466117e-02 3.094697972717726773e-04
4.604157552246741780e-02 4.933100387233090717e-02 3.669263734321486512e-04
4.707296181238992266e-02 6.023398696712917860e-02 4.129422292945284238e-04
4.853879862281629959e-02 7.172997348562412667e-02 4.248532014021293417e-04
5.072978682493644448e-02 8.387083252370515496e-02 3.952650482555364526e-04
5.377504897211411033e-02 9.662554162002139069e-02 3.375447964764953859e-04
5.767626029903354795e-02 1.099171295206816806e-01 2.814520084800986371e-04
6.237451779453136169e-02 1.237122293937069906e-01 2.587857445890318531e-04
6.769218754967896989e-02 1.380217661994006251e-01 2.843142440684624100e-04
7.402232318557866453e-02 1.535401548480898881e-01 3.491369433089120474e-04
8.180509875858399393e-02 1.706785540575045390e-01 4.165287417480386897e-04
7.757084611610828850e-02 1.643375494671691639e-01 4.014221647790769051e-04
7.417426679330682560e-02 1.594114937888563011e-01 3.774818114082876598e-04
7.144087074290889072e-02 1.555292509045918814e-01 3.593274140046688147e-04
6.923405635279772374e-02 1.524331629505773777e-01 3.454101828944292443e-04
6.746495912938280104e-02 1.499874692601471105e-01 3.348743785549144450e-04
6.608409361917608194e-02 1.481327727250215387e-01 3.272951313034791194e-04
6.506542954181254723e-02 1.468473016351090066e-01 3.224744542439073026e-04
6.439206811447942269e-02 1.461241466076729223e-01 3.203218112070331720e-04
6.404587423744997898e-02 1.459603206214876159e-01 3.207933077014421151e-04
6.400161471822032877e-02 1.463520042861467252e-01 3.238628190664483023e-04
6.422666084770210781e-02 1.472920243490778436e-01 3.295099358149668786e-04
6.468829028728045882e-02 1.487678854563314890e-01 3.377223029189278867e-04
6.607978303668420039e-02 1.505891888983396376e-01 3.492233671291945177e-04
6.644648040523970511e-02 1.531912105327778162e-01 3.620848667319632032e-04
6.843792869153436653e-02 1.562330537277555054e-01 3.803643138671241914e-04
6.950171545521252603e-02 1.596173015680850404e-01 3.987682103353985407e-04
7.286383884582788018e-02 1.637492594841176707e-01 4.260655773985807106e-04
7.665107231701359658e-02 1.683495386766661051e-01 4.577870870853793534e-04
8.313937265484233619e-02 1.740824934593856732e-01 4.510957012380378958e-04
9.148830196327729924e-02 1.816347416247739710e-01 4.833277543058658995e-04
8.979143452109750179e-02 1.653418133653579147e-01 4.553267313791158370e-04
8.974533680397725477e-02 1.506534147850194794e-01 5.337637859831981550e-04
9.070235846583946104e-02 1.369843900381877699e-01 6.947364550569115832e-04
9.188314924211830881e-02 1.241700479677251695e-01 8.973500516303112382e-04
9.386757249425990712e-02 1.114968464470026954e-01 1.093690473756598214e-03
9.567633381172321871e-02 9.939389161207549950e-02 1.255687236735433029e-03
9.716490307882912070e-02 8.780233608526138989e-02 1.368599743907035655e-03
9.835778579832689383e-02 7.659379292879871237e-02 1.432187323895626812e-03
9.927367956283462969e-02 6.563899286948031431e-02 1.456537259071622598e-03
9.991059096105142645e-02 5.480205763944914071e-02 1.455595792717506937e-03
1.002149999737692032e-01 4.396358514074793361e-02 1.441118824882174415e-03
1.000413264045428713e-01 3.306540468421070161e-02 1.419454603679742377e-03
9.918253940496986332e-02 2.213881645707914056e-02 1.385707264768481790e-03
9.757471870159825644e-02 1.125795741601967430e-02 1.302429237989881404e-03
9.527787831598716339e-02 4.603872025161461412e-04 1.154200501484487591e-03
9.233980394121095447e-02 -1.030050170627863464e-02 9.904730275458555316e-04
8.891125468919770791e-02 -2.115350479201266731e-02 8.533364814725552961e-04
8.524545114030213089e-02 -3.226121988612816460e-02 7.556960048428924001e-04
8.165617543390019106e-02 -4.377622317423096598e-02 6.869124181474971225e-04
7.846931294401401913e-02 -5.580794727436200892e-02 6.249576020404390810e-04
7.598496616236227741e-02 -6.840726679310243918e-02 5.500770087922527861e-04
7.444687528408885924e-02 -8.156520757610837002e-02 4.564081855506811006e-04
7.403353214519764469e-02 -9.524066919110907303e-02 3.575198016119004920e-04
7.487351770615241486e-02 -1.094256116948180146e-01 2.819811472834531161e-04
7.707249853179518051e-02 -1.242405743228563592e-01 2.583363073115742064e-04
8.073982028793502685e-02 -1.400252485343762565e-01 2.960262302045281436e-04
8.599567567876698071e-02 -1.573210892160335217e-01 3.762707321618780011e-04
8.054776224440118870e-02 -1.512238332011010267e-01 3.479827187092582753e-04
7.628503091718576157e-02 -1.465356129072973856e-01 3.247798027902554707e-04
7.136040837560497785e-02 -1.427979754042480731e-01 3.389712932146405873e-04
6.800486483142112459e-02 -1.395348215843104367e-01 2.891330884806392765e-04
6.649588933779762567e-02 -1.371377261732925901e-01 2.797313230994690771e-04
6.419970200387538350e-02 -1.350090930674105738e-01 2.701613137417924648e-04
6.330409679221037089e-02 -1.336379119078021371e-01 2.653141870639990577e-04
6.138883725631046062e-02 -1.325326547197242799e-01 2.598480396068749863e-04
6.085002503603972185e-02 -1.321421288190728349e-01 2.587914591104206025e-04
5.956200238076295866e-02 -1.320468118411751157e-01 2.575949248848056106e-04
5.953815974105262920e-02 -1.325934974771868502e-01 2.603956877435968436e-04
5.900251143366044143e-02 -1.335163665223298712e-01 2.637148973104838537e-04
5.961310748388140568e-02 -1.349493234373232431e-01 2.705567795629421697e-04
6.024417212799825644e-02 -1.368421286076773602e-01 2.791533212219065793e-04
6.100673769398277935e-02 -1.392299885167356810e-01 2.898961190962500508e-04
6.197437243144223590e-02 -1.421098573801347076e-01 3.030314195251769603e-04
6.317336807362479434e-02 -1.454645576427881504e-01 3.187135524385606455e-04
6.464784988381040709e-02 -1.492526453119394081e-01 3.370676249106478901e-04
6.660357535225738812e-02 -1.534504561581884474e-01 3.586166883722821598e-04
6.943362389871406137e-02 -1.580823014904574053e-01 3.845483835368084511e-04
7.372259299043507075e-02 -1.633133528769244169e-01 4.173182261443701756e-04
8.003374022996570525e-02 -1.695936803178464680e-01 4.171305780542514780e-04
8.857670996772902539e-02 -1.774422677693198447e-01 4.540553765191936739e-04
8.695997975615851749e-02 -1.619240451397759573e-01 4.364908681173866687e-04
8.696026802667103373e-02 -1.477333308863108263e-01 5.169343932175968648e-04
8.744405120929493735e-02 -1.344972422607627893e-01 6.739050492746883128e-04
8.945325505955614709e-02 -1.216399079605781780e-01 8.633677431396674000e-04
9.135434383978700834e-02 -1.093095238850394640e-01 1.048171255885858594e-03
9.297695608111533616e-02 -9.747696486885736034e-02 1.199935998930488521e-03
9.434929984217349519e-02 -8.607311265339587236e-02 1.305336973201962850e-03
9.549047566084087335e-02 -7.501661287801181244e-02 1.365617825128885750e-03
9.641277553572302761e-02 -6.419799400720356541e-02 1.391474355847282813e-03
9.710767711074691499e-02 -5.348618383282971456e-02 1.396337598827194311e-03
9.750343396470724511e-02 -4.275761026628413508e-02 1.390100624352065073e-03
9.741768527188289506e-02 -3.194371770991945303e-02 1.375849103683489264e-03
9.660580850428819588e-02 -2.106733750179640152e-02 1.346140409346328328e-03
9.500864175893473929e-02 -1.020906176092926596e-02 1.269377641120962227e-03
9.272506306398248244e-02 5.777282814000510563e-04 1.136428277922369020e-03
8.983233138866882073e-02 1.133048324900133227e-02 9.926917024375759603e-04
8.649861148159140867e-02 2.217494182561334168e-02 8.747505972867665805e-04
8.299002342492330098e-02 3.327405548230114030e-02 7.915030750871847754e-04
7.962474632413731046e-02 4.478147711414888488e-02 7.300901545372534074e-04
7.672415942350840901e-02 5.681002511332346183e-02 6.680170139842268873e-04
7.457083525135191349e-02 6.941432778235054335e-02 5.866122042256863029e-04
7.337981120778676314e-02 8.259034522290062408e-02 4.823524424855317959e-04
7.329221067195021422e-02 9.630147044231153475e-02 3.719619751029926255e-04
7.439666390287053011e-02 1.105419320485379331e-01 2.871976483399882991e-04
7.676864090454058043e-02 1.254332952466356010e-01 2.586722719101260809e-04
8.051012544774341362e-02 1.413137040480642592e-01 2.957032741511488559e-04
8.578989778975155966e-02 1.587194682517941158e-01 3.771291069754583586e-04
8.039428667364499626e-02 1.527367718466063340e-01 3.496331980628324294e-04
7.622559938791673151e-02 1.481694069888573606e-01 3.269416907730978198e-04
7.081327330448969337e-02 1.429294213177575712e-01 3.335414560394018495e-04
6.792981977171402841e-02 1.397010389186714163e-01 2.862485254982895916e-04
6.603533494607970178e-02 1.374069819572426576e-01 2.765878004245130332e-04
6.440463531183286683e-02 1.354124954642474676e-01 2.684709466873869393e-04
6.283280742516111905e-02 1.336981742195889056e-01 2.614746172008251541e-04
6.140605177964875150e-02 1.323912418787264733e-01 2.560910846927882218e-04
6.019329355766486062e-02 1.315655301626263984e-01 2.526124579249556992e-04
5.929287632922489171e-02 1.312523039803838443e-01 2.512499338403852210e-04
5.873516186816980789e-02 1.314467129080252039e-01 2.520262660176138909e-04
5.854514420394234253e-02 1.321436799322023570e-01 2.549851519259375412e-04
5.872098595113992708e-02 1.333423546769261780e-01 2.601765765068762924e-04
5.923931296036527572e-02 1.350492235981406441e-01 2.676745954491153339e-04
6.005535422001223589e-02 1.372732217000866561e-01 2.775600258014879456e-04
6.111034526014724744e-02 1.400160513467611778e-01 2.898947362142162854e-04
6.236088416793078570e-02 1.432615688695672851e-01 3.047240682097570479e-04
6.383761110034644193e-02 1.469712945664086445e-01 3.221528834071231981e-04
6.573024267609568760e-02 1.510997326531909324e-01 3.425626809502647398e-04
6.845721457158328305e-02 1.556455043129789662e-01 3.670064740177910725e-04
7.266838803293546034e-02 1.607469932771419252e-01 3.978065752276141367e-04
7.940538713772157808e-02 1.669040620294376664e-01 3.993157145220575365e-04
8.827658168093971414e-02 1.745232827382557639e-01 4.352560638056776686e-04
8.660820407839843471e-02 1.590326052336997198e-01 4.169940424876670973e-04
8.682605447536821675e-02 1.448601195709657841e-01 4.905990492329425755e-04
8.662210951504814571e-02 1.316295666015536436e-01 6.364232886291605043e-04
8.715423391600464476e-02 1.189736393757064026e-01 8.157361599760522188e-04
8.971162369153988514e-02 1.066083926958798916e-01 9.837240551723626120e-04
9.124665179666677228e-02 9.480492639858290049e-02 1.123058925740690831e-03
9.312944682033058585e-02 8.332323745909951673e-02 1.217459230506630222e-03
9.375249288614721788e-02 7.243500394211817295e-02 1.277919897356493773e-03
9.554180001062896610e-02 6.150390889811171297e-02 1.302932231914574485e-03
9.652074165372245829e-02 5.078944692643776876e-02 1.315595946363359121e-03
9.499010892257944705e-02 4.045331021557520279e-02 1.332280957550297873e-03
