0.000000000000000000e+00 0.000000000000000000e+00 0.000000000000000000e+00
-2.075241866094966817e-03 8.332911286080742566e-03 0.000000000000000000e+00
-6.407891284904305637e-03 2.631067537587837221e-02 0.000000000000000000e+00
-1.071215923669842883e-02 4.542827007127266808e-02 0.000000000000000000e+00
-1.453367332156159028e-02 6.394363146432099909e-02 0.000000000000000000e+00
-1.782040286585293010e-02 8.160842153150178746e-02 0.000000000000000000e+00
-2.060533505034367260e-02 9.849516385241040284e-02 0.000000000000000000e+00
-2.293629825941682215e-02 1.147268378436629988e-01 0.000000000000000000e+00
-2.486070427803161939e-02 1.303699970797360941e-01 0.000000000000000000e+00
-2.642247279632534834e-02 1.451974781694104488e-01 0.000000000000000000e+00
-2.766163863976228710e-02 1.576722274916859956e-01 0.000000000000000000e+00
-2.861453168353852300e-02 1.603853243439011256e-01 0.000000000000000000e+00
-2.931406219963844650e-02 1.534067799832252443e-01 0.000000000000000000e+00
-2.979000948747601712e-02 1.442861222409081434e-01 0.000000000000000000e+00
-3.006929267917126530e-02 1.347026844486298447e-01 0.000000000000000000e+00
-3.017622050410656565e-02 1.250281936789667814e-01 0.000000000000000000e+00
-3.013272066086023285e-02 1.153413518089113216e-01 0.000000000000000000e+00
-2.995855019746234554e-02 1.056535507420601760e-01 0.000000000000000000e+00
-2.967148837028493746e-02 9.595917463449324392e-02 0.000000000000000000e+00
-2.928751337678716163e-02 8.624688194354269977e-02 0.000000000000000000e+00
-2.882096425706237586e-02 7.650219322851209425e-02 0.000000000000000000e+00
-2.828468915967409167e-02 6.670812820223297190e-02 0.000000000000000000e+00
-2.769018107391625280e-02 5.684539222410206483e-02 0.000000000000000000e+00
-2.704770204411922202e-02 4.689244653756390740e-02 0.000000000000000000e+00
-2.636639680169328842e-02 3.682553722357511522e-02 0.000000000000000000e+00
-2.565439667681619629e-02 2.661870007422836859e-02 0.000000000000000000e+00
-2.491891458357720773e-02 1.624374564307507277e-02 0.000000000000000000e+00
-2.416633180955835014e-02 5.670225751367783187e-03 0.000000000000000000e+00
-2.340227728286416869e-02 -5.134618022394962268e-03 0.000000000000000000e+00
-2.263169993613475123e-02 -1.620592357314765836e-02 0.000000000000000000e+00
-2.185893473775033305e-02 -2.758129493227923570e-02 0.000000000000000000e+00
-2.108776291494083438e-02 -3.930090556426264065e-02 0.000000000000000000e+00
-2.032146685154943844e-02 -5.138654069819048598e-02 0.000000000000000000e+00
-1.956288010445698944e-02 -6.385941542323345099e-02 0.000000000000000000e+00
-1.881443294673361757e-02 -7.676503018608094031e-02 0.000000000000000000e+00
-1.807819381144918150e-02 -9.015574585205630986e-02 0.000000000000000000e+00
-1.735590697409240477e-02 -1.040847335931246176e-01 0.000000000000000000e+00
-1.664902675805417578e-02 -1.185942259242960262e-01 0.000000000000000000e+00
-1.595874840687149313e-02 -1.336654482342217454e-01 0.000000000000000000e+00
-1.528603522583187393e-02 -1.489933300157451346e-01 0.000000000000000000e+00
-1.463163924658742766e-02 -1.629724323197631608e-01 0.000000000000000000e+00
-1.399610218154858851e-02 -1.681349273707234415e-01 0.000000000000000000e+00
-1.337984155994864990e-02 -1.645009308004463655e-01 0.000000000000000000e+00
-1.278316973547057901e-02 -1.595785754008893220e-01 0.000000000000000000e+00
-1.220624594017530665e-02 -1.550138263621702039e-01 0.000000000000000000e+00
-1.164911404556789355e-02 -1.511526482736475496e-01 0.000000000000000000e+00
-1.111172149339476577e-02 -1.480552182938781325e-01 0.000000000000000000e+00
-1.059393299017395706e-02 -1.457213247913590470e-01 0.000000000000000000e+00
-1.009554208144001868e-02 -1.441404018617671867e-01 0.000000000000000000e+00
-9.616281384222035225e-03 -1.433025902205478375e-01 0.000000000000000000e+00
-9.155831729365671717e-03 -1.432011481988115231e-01 0.000000000000000000e+00
-8.713830341533198090e-03 -1.438329537805754510e-01 0.000000000000000000e+00
-8.289878151104766377e-03 -1.451775186629676029e-01 0.000000000000000000e+00
-7.883546319134805344e-03 -1.472146839053941059e-01 0.000000000000000000e+00
-7.494382048470347481e-03 -1.499493324470073108e-01 0.000000000000000000e+00
-7.121913747627140433e-03 -1.533938166554914828e-01 0.000000000000000000e+00
-6.765655608236127022e-03 -1.575617593436049180e-01 0.000000000000000000e+00
-6.425111651607028594e-03 -1.624561548822912316e-01 0.000000000000000000e+00
-6.099779295132354805e-03 -1.680191494113574824e-01 0.000000000000000000e+00
-5.789152484831447225e-03 -1.739065988475134994e-01 0.000000000000000000e+00
-5.492724436276630318e-03 -1.784738406537517696e-01 0.000000000000000000e+00
-5.209990022422597913e-03 -1.742135147180424448e-01 0.000000000000000000e+00
-4.940447843448784494e-03 -1.611057331800326842e-01 0.000000000000000000e+00
-4.683602010597846636e-03 -1.466179874596539312e-01 0.000000000000000000e+00
-4.438963673128580416e-03 -1.323547917763491788e-01 0.000000000000000000e+00
-4.206052314877599743e-03 -1.186196727256821765e-01 0.000000000000000000e+00
-3.984396844521406224e-03 -1.054291985721011876e-01 0.000000000000000000e+00
-3.773536501431226913e-03 -9.273818677482378869e-02 0.000000000000000000e+00
-3.573021597000643809e-03 -8.048953933182433074e-02 0.000000000000000000e+00
-3.382414109485437029e-03 -6.862509560503918249e-02 0.000000000000000000e+00
-3.201288148712142043e-03 -5.708782560969240943e-02 0.000000000000000000e+00
-3.029230305473755176e-03 -4.582210453982320936e-02 0.000000000000000000e+00
-2.865839899025898231e-03 -3.477356620221939282e-02 0.000000000000000000e+00
-2.710729134813654427e-03 -2.388886733710603519e-02 0.000000000000000000e+00
-2.563523183388136551e-03 -1.311543565190523980e-02 0.000000000000000000e+00
-2.423860190403406053e-03 -2.401216792855916191e-03 0.000000000000000000e+00
-2.291391226610118084e-03 8.305577315120301132e-03 0.000000000000000000e+00
-2.165780185874335850e-03 1.905671916566270552e-02 0.000000000000000000e+00
-2.046703638441167098e-03 2.990421643172985061e-02 0.000000000000000000e+00
-1.933850645926612089e-03 4.090056392637388821e-02 0.000000000000000000e+00
-1.826922543851120092e-03 5.209899779703800610e-02 0.000000000000000000e+00
-1.725632696919275275e-03 6.355375237297573865e-02 0.000000000000000000e+00
-1.629706231696613798e-03 7.529924319025582680e-02 0.000000000000000000e+00
-1.538879750832061397e-03 8.736801395866064524e-02 0.000000000000000000e+00
-1.452901032518564596e-03 9.981571006269726598e-02 0.000000000000000000e+00
-1.371528718471121035e-03 1.127037616376733720e-01 0.000000000000000000e+00
-1.294531993326955436e-03 1.260934322941779651e-01 0.000000000000000000e+00
-1.221690258033717976e-03 1.400341605587780980e-01 0.000000000000000000e+00
-1.152792799485137737e-03 1.545135740641445377e-01 0.000000000000000000e+00
-1.087638458386738869e-03 1.692322763274402286e-01 0.000000000000000000e+00
-1.026035297084437140e-03 1.825898432232554158e-01 0.000000000000000000e+00
-9.678002688637022408e-04 1.871228656260833789e-01 0.000000000000000000e+00
-9.127588900242494547e-04 1.828553391730228517e-01 0.000000000000000000e+00
-8.607449158530011690e-04 1.772987905019606791e-01 0.000000000000000000e+00
-8.116000214544303497e-04 1.721021403498913804e-01 0.000000000000000000e+00
-7.651734882506961268e-04 1.676139141740386473e-01 0.000000000000000000e+00
-7.213218968327039403e-04 1.638964950556078826e-01 0.000000000000000000e+00
-6.799088267259221054e-04 1.609515585136358784e-01 0.000000000000000000e+00
-6.408045635301845653e-04 1.587701399339867814e-01 0.000000000000000000e+00
-6.038858137996285652e-04 1.573437253875153430e-01 0.000000000000000000e+00
-5.690354279462944654e-04 1.566666898182563494e-01 0.000000000000000000e+00
-5.361421313777435136e-04 1.567368237720572766e-01 0.000000000000000000e+00
-5.051002640144484045e-04 1.575343698607521437e-01 0.000000000000000000e+00
-4.758095282758385987e-04 1.590397387239475546e-01 0.000000000000000000e+00
-4.481747455740102675e-04 1.612582399477947015e-01 0.000000000000000000e+00
-4.221056213105567529e-04 1.642025262690391396e-01 0.000000000000000000e+00
-3.975165183340862037e-04 1.678864096524698424e-01 0.000000000000000000e+00
-3.743262387832366938e-04 1.723129760097542873e-01 0.000000000000000000e+00
-3.524578142118280901e-04 1.774243776883170365e-01 0.000000000000000000e+00
-3.318383038687800629e-04 1.828764025471237009e-01 0.000000000000000000e+00
-3.123986009850734740e-04 1.870242556906703268e-01 0.000000000000000000e+00
-2.940732469030091613e-04 1.823603893075103899e-01 0.000000000000000000e+00
-2.768002528689859562e-04 1.688646805421220864e-01 0.000000000000000000e+00
-2.605209292995750423e-04 1.540043457365542490e-01 0.000000000000000000e+00
-2.451797223215861619e-04 1.393835904061304087e-01 0.000000000000000000e+00
-2.307240573798402679e-04 1.253056045851370648e-01 0.000000000000000000e+00
-2.171041897012061057e-04 1.117865972645499945e-01 0.000000000000000000e+00
-2.042730613999270135e-04 9.878100849664113448e-02 0.000000000000000000e+00
-1.921861650071729163e-04 8.623134880436014726e-02 0.000000000000000000e+00
-1.808014132069150741e-04 7.407905560696056990e-02 0.000000000000000000e+00
-1.700790145604739838e-04 6.226668968894403383e-02 0.000000000000000000e+00
-1.599813550032961132e-04 5.073821252473510734e-02 0.000000000000000000e+00
-1.504728848995412211e-04 3.943884216809920989e-02 0.000000000000000000e+00
-1.415200114427975697e-04 2.831481971822984861e-02 0.000000000000000000e+00
-1.330909961945921918e-04 1.731315921943498912e-02 0.000000000000000000e+00
-1.251558575561882551e-04 6.381396247109012189e-03 0.000000000000000000e+00
-1.176862779734559237e-04 -4.532662364215280133e-03 0.000000000000000000e+00
-1.106555156792009639e-04 -1.548118803296266027e-02 0.000000000000000000e+00
-1.040383207822506115e-04 -2.651658018812549575e-02 0.000000000000000000e+00
-9.781085551773776156e-05 -3.769171738976242331e-02 0.000000000000000000e+00
-9.195061847830743958e-05 -4.906021082851613757e-02 0.000000000000000000e+00
-8.643637265141857710e-05 -6.067666060797370642e-02 0.000000000000000000e+00
-8.124807709341387932e-05 -7.257583832002199864e-02 0.000000000000000000e+00
-7.636682207659391199e-05 -8.479063366453407080e-02 0.000000000000000000e+00
-7.177476755112020400e-05 -9.737702769385643553e-02 0.000000000000000000e+00
-6.745508476914329420e-05 -1.103967757124179744e-01 0.000000000000000000e+00
-6.339190092407122942e-05 -1.239114558951889405e-01 0.000000000000000000e+00
-5.957024666339800692e-05 -1.379708106841211757e-01 0.000000000000000000e+00
-5.597600633892132517e-05 -1.525627609879512681e-01 0.000000000000000000e+00
-5.259587086347834972e-05 -1.673881930171436383e-01 0.000000000000000000e+00
-4.941729304856204500e-05 -1.808469548539062000e-01 0.000000000000000000e+00
-4.642844530230935278e-05 -1.854758992265640172e-01 0.000000000000000000e+00
-4.361817957232544895e-05 -1.812992734338523260e-01 0.000000000000000000e+00
-4.097598942267788248e-05 -1.758288457697912976e-01 0.000000000000000000e+00
-3.849197413913632104e-05 -1.707137688296898881e-01 0.000000000000000000e+00
-3.615680476131684855e-05 -1.663027903562750709e-01 0.000000000000000000e+00
-3.396169194486241255e-05 -1.626585063825047306e-01 0.000000000000000000e+00
-3.189835556110284364e-05 -1.597827962956215875e-01 0.000000000000000000e+00
-2.995899594580703670e-05 -1.576668905249161423e-01 0.000000000000000000e+00
-2.813626671268103379e-05 -1.563024616249357734e-01 0.000000000000000000e+00
-2.642324905114508136e-05 -1.556840627329828253e-01 0.000000000000000000e+00
-2.481342743167456557e-05 -1.558096545695464019e-01 0.000000000000000000e+00
-2.330066664559985134e-05 -1.566596421752122770e-01 0.000000000000000000e+00
-2.187919010972195932e-05 -1.582145911447658815e-01 0.000000000000000000e+00
-2.054355936943547532e-05 -1.604799588166848645e-01 0.000000000000000000e+00
-1.928865473725329091e-05 -1.634685387452954330e-01 0.000000000000000000e+00
-1.810965700669939311e-05 -1.671942770428415104e-01 0.000000000000000000e+00
-1.700203018446339926e-05 -1.716603873587088935e-01 0.000000000000000000e+00
-1.596150518654628750e-05 -1.768091436238343472e-01 0.000000000000000000e+00
-1.498406444680766987e-05 -1.822964493766369987e-01 0.000000000000000000e+00
-1.406592738890915785e-05 -1.864776197413406111e-01 0.000000000000000000e+00
-1.320353671512467581e-05 -1.818452115046690354e-01 0.000000000000000000e+00
-1.239354546782690901e-05 -1.683792012194418874e-01 0.000000000000000000e+00
-1.163280482172219411e-05 -1.535468996712979484e-01 0.000000000000000000e+00
-1.091835256704345441e-05 -1.389526020726714883e-01 0.000000000000000000e+00
-1.024740224596212516e-05 -1.248995836198461828e-01 0.000000000000000000e+00
-9.617332906430459556e-06 -1.114041341350809761e-01 0.000000000000000000e+00
-9.025679439527198701e-06 -9.842077036863225437e-02 0.000000000000000000e+00
-8.470123468158841990e-06 -8.589207559858119678e-02 0.000000000000000000e+00
-7.948484756633492952e-06 -7.375955623998080302e-02 0.000000000000000000e+00
-7.458713112249322847e-06 -6.196583849046612830e-02 0.000000000000000000e+00
-6.998880751565182919e-06 -5.045494582483249502e-02 0.000000000000000000e+00
-6.567175105459079362e-06 -3.917215504770475698e-02 0.000000000000000000e+00
-6.161892038482790519e-06 -2.806376291635006778e-02 0.000000000000000000e+00
-5.781429459309869704e-06 -1.707683619070361411e-02 0.000000000000000000e+00
-5.424281300336887265e-06 -6.158960363443885012e-03 0.000000000000000000e+00
-5.089031845674434849e-06 4.742010473929142954e-03 0.000000000000000000e+00
-4.774350387883516457e-06 1.567820301107520145e-02 0.000000000000000000e+00
-4.478986194897239467e-06 2.670197435004940945e-02 0.000000000000000000e+00
-4.201763769553949720e-06 3.786616300499242443e-02 0.000000000000000000e+00
-3.941578385143536859e-06 4.922434228622833002e-02 0.000000000000000000e+00
-3.697391881279543362e-06 6.083107647241520893e-02 0.000000000000000000e+00
-3.468228705266632355e-06 7.272110328072219076e-02 0.000000000000000000e+00
-3.253172184950798230e-06 8.492728038619030972e-02 0.000000000000000000e+00
-3.051361019813490302e-06 9.750555857057016662e-02 0.000000000000000000e+00
-2.861985977809779312e-06 1.105176645307817257e-01 0.000000000000000000e+00
-2.684286786142769096e-06 1.240251494105520796e-01 0.000000000000000000e+00
-2.517549204821575596e-06 1.380777301141921376e-01 0.000000000000000000e+00
-2.361102272476178970e-06 1.526633034277274092e-01 0.000000000000000000e+00
-2.214315714495055350e-06 1.674827327789970566e-01 0.000000000000000000e+00
-2.076597504097183900e-06 1.809358447364943223e-01 0.000000000000000000e+00
-1.947391567493593405e-06 1.855594717160788942e-01 0.000000000000000000e+00
-1.826175624785310576e-06 1.813778418409719706e-01 0.000000000000000000e+00
-1.712459158715656217e-06 1.759027053055496059e-01 0.000000000000000000e+00
-1.605781503838218798e-06 1.707831976233399884e-01 0.000000000000000000e+00
-1.505710049087450190e-06 1.663680504180835851e-01 0.000000000000000000e+00
-1.411838547145253596e-06 1.627198445142816474e-01 0.000000000000000000e+00
-1.323785524363581203e-06 1.598404449516618864e-01 0.000000000000000000e+00
-1.241192785361876460e-06 1.577210686259063466e-01 0.000000000000000000e+00
-1.163724006745760861e-06 1.563533753272585702e-01 0.000000000000000000e+00
