1.000000000000000000e+00 1.584200000000000053e-01 1.584200000000000053e-01
1.000000000000000000e+00 1.584200000000000053e-01 1.584200000000000053e-01
1.000000000000000000e+00 1.584200000000000053e-01 1.584200000000000053e-01
1.000000000000000000e+00 1.584200000000000053e-01 1.584200000000000053e-01
1.000000000000000000e+00 1.584200000000000053e-01 1.584200000000000053e-01
1.000000000000000000e+00 1.584200000000000053e-01 1.584200000000000053e-01
1.000000000000000000e+00 1.584200000000000053e-01 1.584200000000000053e-01
1.000000000000000000e+00 1.584200000000000053e-01 1.584200000000000053e-01
1.000000000000000000e+00 1.584200000000000053e-01 1.584200000000000053e-01
1.000000000000000000e+00 1.584200000000000053e-01 1.584200000000000053e-01
1.000000000000000000e+00 1.584200000000000053e-01 1.584200000000000053e-01
1.000000000000000000e+00 1.584200000000000053e-01 1.584200000000000053e-01
1.000000000000000000e+00 1.584200000000000053e-01 1.584200000000000053e-01
1.000000000000000000e+00 1.584200000000000053e-01 1.584200000000000053e-01
1.000000000000000000e+00 1.584200000000000053e-01 1.584200000000000053e-01
1.000000000000000000e+00 1.584200000000000053e-01 1.584200000000000053e-01
1.000000000000000000e+00 1.584200000000000053e-01 1.584200000000000053e-01
1.000000000000000000e+00 1.584200000000000053e-01 1.584200000000000053e-01
1.000000000000000000e+00 1.584200000000000053e-01 1.584200000000000053e-01
2.000000000000000000e+00 1.584200000000000053e-01 1.585002370370370561e-01
2.000000000000000000e+00 1.584200000000000053e-01 1.589964740740740790e-01
2.000000000000000000e+00 1.584200000000000053e-01 1.601576000000000111e-01
2.000000000000000000e+00 1.584200000000000053e-01 1.620760592592592753e-01
2.000000000000000000e+00 1.584200000000000053e-01 1.647162962962963051e-01
2.000000000000000000e+00 1.584200000000000053e-01 1.679432000000000147e-01
2.000000000000000000e+00 1.584200000000000053e-01 1.715505481481481576e-01
2.000000000000000000e+00 1.584200000000000053e-01 1.752894518518518518e-01
2.000000000000000000e+00 1.584200000000000053e-01 1.788967999999999947e-01
2.000000000000000000e+00 1.584200000000000053e-01 1.821237037037036766e-01
2.000000000000000000e+00 1.584200000000000053e-01 1.847639407407407341e-01
2.000000000000000000e+00 1.584200000000000053e-01 1.866823999999999983e-01
2.000000000000000000e+00 1.584200000000000053e-01 1.878435259259259027e-01
2.000000000000000000e+00 1.584200000000000053e-01 1.883397629629629255e-01
2.000000000000000000e+00 1.584200000000000053e-01 1.884199999999999486e-01
2.000000000000000000e+00 1.584200000000000053e-01 1.884200000000000041e-01
2.000000000000000000e+00 1.584200000000000053e-01 1.883220497411792760e-01
2.000000000000000000e+00 1.584200000000000053e-01 1.877220765157374960e-01
2.000000000000000000e+00 1.584200000000000053e-01 1.863356006425894162e-01
2.000000000000000000e+00 1.584200000000000053e-01 1.840789516272981485e-01
2.000000000000000000e+00 1.584200000000000053e-01 1.810291063247456422e-01
2.000000000000000000e+00 1.584200000000000053e-01 1.773835271018028292e-01
2.000000000000000000e+00 1.584200000000000053e-01 1.734200000000000186e-01
2.000000000000000000e+00 1.584200000000000053e-01 1.694564728981972079e-01
2.000000000000000000e+00 1.584200000000000053e-01 1.658108936752543672e-01
2.000000000000000000e+00 1.584200000000000053e-01 1.627610483727018886e-01
2.000000000000000000e+00 1.584200000000000053e-01 1.605043993574106209e-01
2.000000000000000000e+00 1.584200000000000053e-01 1.591179234842625412e-01
2.000000000000000000e+00 1.584200000000000053e-01 1.585179502588207612e-01
2.000000000000000000e+00 1.584200000000000053e-01 1.584200000000000330e-01
1.000000000000000000e+00 1.584200000000000053e-01 1.584200000000000053e-01
1.000000000000000000e+00 1.584200000000000053e-01 1.584200000000000053e-01
1.000000000000000000e+00 1.584200000000000053e-01 1.584200000000000053e-01
1.000000000000000000e+00 1.584200000000000053e-01 1.584200000000000053e-01
1.000000000000000000e+00 1.584200000000000053e-01 1.584200000000000053e-01
1.000000000000000000e+00 1.584200000000000053e-01 1.584200000000000053e-01
1.000000000000000000e+00 1.584200000000000053e-01 1.584200000000000053e-01
1.000000000000000000e+00 1.584200000000000053e-01 1.584200000000000053e-01
1.000000000000000000e+00 1.584200000000000053e-01 1.584200000000000053e-01
1.000000000000000000e+00 1.584200000000000053e-01 1.584200000000000053e-01
1.000000000000000000e+00 1.584200000000000053e-01 1.584200000000000053e-01
1.000000000000000000e+00 1.584200000000000053e-01 1.584200000000000053e-01
1.000000000000000000e+00 1.584200000000000053e-01 1.584200000000000053e-01
1.000000000000000000e+00 1.584200000000000053e-01 1.584200000000000053e-01
1.000000000000000000e+00 1.584200000000000053e-01 1.584200000000000053e-01
1.000000000000000000e+00 1.584200000000000053e-01 1.584200000000000053e-01
1.000000000000000000e+00 1.584200000000000053e-01 1.584200000000000053e-01
1.000000000000000000e+00 1.584200000000000053e-01 1.584200000000000053e-01
1.000000000000000000e+00 1.584200000000000053e-01 1.584200000000000053e-01
3.000000000000000000e+00 1.589964740740740790e-01 1.584200000000000053e-01
3.000000000000000000e+00 1.601576000000000111e-01 1.584200000000000053e-01
3.000000000000000000e+00 1.620760592592592753e-01 1.584200000000000053e-01
3.000000000000000000e+00 1.647162962962963051e-01 1.584200000000000053e-01
3.000000000000000000e+00 1.679432000000000147e-01 1.584200000000000053e-01
3.000000000000000000e+00 1.715505481481481576e-01 1.584200000000000053e-01
3.000000000000000000e+00 1.752894518518518518e-01 1.584200000000000053e-01
3.000000000000000000e+00 1.788967999999999947e-01 1.584200000000000053e-01
3.000000000000000000e+00 1.821237037037036766e-01 1.584200000000000053e-01
3.000000000000000000e+00 1.847639407407407341e-01 1.584200000000000053e-01
3.000000000000000000e+00 1.866823999999999983e-01 1.584200000000000053e-01
3.000000000000000000e+00 1.878435259259259027e-01 1.584200000000000053e-01
3.000000000000000000e+00 1.883397629629629255e-01 1.584200000000000053e-01
3.000000000000000000e+00 1.884199999999999486e-01 1.584200000000000053e-01
3.000000000000000000e+00 1.884200000000000041e-01 1.584200000000000053e-01
3.000000000000000000e+00 1.883220497411792760e-01 1.584200000000000053e-01
3.000000000000000000e+00 1.877220765157374960e-01 1.584200000000000053e-01
3.000000000000000000e+00 1.863356006425894162e-01 1.584200000000000053e-01
3.000000000000000000e+00 1.840789516272981485e-01 1.584200000000000053e-01
3.000000000000000000e+00 1.810291063247456422e-01 1.584200000000000053e-01
3.000000000000000000e+00 1.773835271018028292e-01 1.584200000000000053e-01
3.000000000000000000e+00 1.734200000000000186e-01 1.584200000000000053e-01
3.000000000000000000e+00 1.694564728981972079e-01 1.584200000000000053e-01
3.000000000000000000e+00 1.658108936752543672e-01 1.584200000000000053e-01
3.000000000000000000e+00 1.627610483727018886e-01 1.584200000000000053e-01
3.000000000000000000e+00 1.605043993574106209e-01 1.584200000000000053e-01
3.000000000000000000e+00 1.591179234842625412e-01 1.584200000000000053e-01
3.000000000000000000e+00 1.585179502588207612e-01 1.584200000000000053e-01
3.000000000000000000e+00 1.584200000000000330e-01 1.584200000000000053e-01
1.000000000000000000e+00 1.584200000000000053e-01 1.584200000000000053e-01
1.000000000000000000e+00 1.584200000000000053e-01 1.584200000000000053e-01
1.000000000000000000e+00 1.584200000000000053e-01 1.584200000000000053e-01
1.000000000000000000e+00 1.584200000000000053e-01 1.584200000000000053e-01
1.000000000000000000e+00 1.584200000000000053e-01 1.584200000000000053e-01
1.000000000000000000e+00 1.584200000000000053e-01 1.584200000000000053e-01
1.000000000000000000e+00 1.584200000000000053e-01 1.584200000000000053e-01
1.000000000000000000e+00 1.584200000000000053e-01 1.584200000000000053e-01
1.000000000000000000e+00 1.584200000000000053e-01 1.584200000000000053e-01
1.000000000000000000e+00 1.584200000000000053e-01 1.584200000000000053e-01
1.000000000000000000e+00 1.584200000000000053e-01 1.584200000000000053e-01
1.000000000000000000e+00 1.584200000000000053e-01 1.584200000000000053e-01
1.000000000000000000e+00 1.584200000000000053e-01 1.584200000000000053e-01
1.000000000000000000e+00 1.584200000000000053e-01 1.584200000000000053e-01
1.000000000000000000e+00 1.584200000000000053e-01 1.584200000000000053e-01
1.000000000000000000e+00 1.584200000000000053e-01 1.584200000000000053e-01
1.000000000000000000e+00 1.584200000000000053e-01 1.584200000000000053e-01
1.000000000000000000e+00 1.584200000000000053e-01 1.584200000000000053e-01
1.000000000000000000e+00 1.584200000000000053e-01 1.584200000000000053e-01
1.000000000000000000e+00 1.584200000000000053e-01 1.584200000000000053e-01
1.000000000000000000e+00 1.584200000000000053e-01 1.584200000000000053e-01
2.000000000000000000e+00 1.584200000000000053e-01 1.589964740740740790e-01
2.000000000000000000e+00 1.584200000000000053e-01 1.601576000000000111e-01
2.000000000000000000e+00 1.584200000000000053e-01 1.620760592592592753e-01
2.000000000000000000e+00 1.584200000000000053e-01 1.647162962962963051e-01
2.000000000000000000e+00 1.584200000000000053e-01 1.679432000000000147e-01
2.000000000000000000e+00 1.584200000000000053e-01 1.715505481481481576e-01
2.000000000000000000e+00 1.584200000000000053e-01 1.752894518518518518e-01
2.000000000000000000e+00 1.584200000000000053e-01 1.788967999999999947e-01
2.000000000000000000e+00 1.584200000000000053e-01 1.821237037037036766e-01
2.000000000000000000e+00 1.584200000000000053e-01 1.847639407407407341e-01
2.000000000000000000e+00 1.584200000000000053e-01 1.866823999999999983e-01
2.000000000000000000e+00 1.584200000000000053e-01 1.878435259259259027e-01
2.000000000000000000e+00 1.584200000000000053e-01 1.883397629629629255e-01
2.000000000000000000e+00 1.584200000000000053e-01 1.884199999999999486e-01
2.000000000000000000e+00 1.584200000000000053e-01 1.884200000000000041e-01
2.000000000000000000e+00 1.584200000000000053e-01 1.883220497411792760e-01
2.000000000000000000e+00 1.584200000000000053e-01 1.877220765157374960e-01
2.000000000000000000e+00 1.584200000000000053e-01 1.863356006425894162e-01
2.000000000000000000e+00 1.584200000000000053e-01 1.840789516272981485e-01
2.000000000000000000e+00 1.584200000000000053e-01 1.810291063247456422e-01
2.000000000000000000e+00 1.584200000000000053e-01 1.773835271018028292e-01
2.000000000000000000e+00 1.584200000000000053e-01 1.734200000000000186e-01
2.000000000000000000e+00 1.584200000000000053e-01 1.694564728981972079e-01
2.000000000000000000e+00 1.584200000000000053e-01 1.658108936752543672e-01
2.000000000000000000e+00 1.584200000000000053e-01 1.627610483727018886e-01
2.000000000000000000e+00 1.584200000000000053e-01 1.605043993574106209e-01
2.000000000000000000e+00 1.584200000000000053e-01 1.591179234842625412e-01
2.000000000000000000e+00 1.584200000000000053e-01 1.585179502588207612e-01
2.000000000000000000e+00 1.584200000000000053e-01 1.584200000000000330e-01
1.000000000000000000e+00 1.584200000000000053e-01 1.584200000000000053e-01
1.000000000000000000e+00 1.584200000000000053e-01 1.584200000000000053e-01
1.000000000000000000e+00 1.584200000000000053e-01 1.584200000000000053e-01
1.000000000000000000e+00 1.584200000000000053e-01 1.584200000000000053e-01
1.000000000000000000e+00 1.584200000000000053e-01 1.584200000000000053e-01
1.000000000000000000e+00 1.584200000000000053e-01 1.584200000000000053e-01
1.000000000000000000e+00 1.584200000000000053e-01 1.584200000000000053e-01
1.000000000000000000e+00 1.584200000000000053e-01 1.584200000000000053e-01
1.000000000000000000e+00 1.584200000000000053e-01 1.584200000000000053e-01
1.000000000000000000e+00 1.584200000000000053e-01 1.584200000000000053e-01
1.000000000000000000e+00 1.584200000000000053e-01 1.584200000000000053e-01
1.000000000000000000e+00 1.584200000000000053e-01 1.584200000000000053e-01
1.000000000000000000e+00 1.584200000000000053e-01 1.584200000000000053e-01
1.000000000000000000e+00 1.584200000000000053e-01 1.584200000000000053e-01
1.000000000000000000e+00 1.584200000000000053e-01 1.584200000000000053e-01
1.000000000000000000e+00 1.584200000000000053e-01 1.584200000000000053e-01
1.000000000000000000e+00 1.584200000000000053e-01 1.584200000000000053e-01
1.000000000000000000e+00 1.584200000000000053e-01 1.584200000000000053e-01
1.000000000000000000e+00 1.584200000000000053e-01 1.584200000000000053e-01
1.000000000000000000e+00 1.584200000000000053e-01 1.584200000000000053e-01
1.000000000000000000e+00 1.584200000000000053e-01 1.584200000000000053e-01
3.000000000000000000e+00 1.589964740740740790e-01 1.584200000000000053e-01
3.000000000000000000e+00 1.601576000000000111e-01 1.584200000000000053e-01
3.000000000000000000e+00 1.620760592592592753e-01 1.584200000000000053e-01
3.000000000000000000e+00 1.647162962962963051e-01 1.584200000000000053e-01
3.000000000000000000e+00 1.679432000000000147e-01 1.584200000000000053e-01
3.000000000000000000e+00 1.715505481481481576e-01 1.584200000000000053e-01
3.000000000000000000e+00 1.752894518518518518e-01 1.584200000000000053e-01
3.000000000000000000e+00 1.788967999999999947e-01 1.584200000000000053e-01
3.000000000000000000e+00 1.821237037037036766e-01 1.584200000000000053e-01
3.000000000000000000e+00 1.847639407407407341e-01 1.584200000000000053e-01
3.000000000000000000e+00 1.866823999999999983e-01 1.584200000000000053e-01
3.000000000000000000e+00 1.878435259259259027e-01 1.584200000000000053e-01
3.000000000000000000e+00 1.883397629629629255e-01 1.584200000000000053e-01
