7.561458478119456594e-02 1.251254981988791648e-01
7.401761278601688698e-02 8.548471137682278967e-03
9.124652402405253326e-02 -1.036731536857941720e-02
9.345276075852475273e-02 7.309637781356541873e-03
9.311066251727628806e-02 2.297878168218992628e-02
9.164095411049316686e-02 3.197928268735729385e-02
8.990814613158716606e-02 3.531204580580669938e-02
8.843334161541024918e-02 3.528153100953980437e-02
8.741715200104643868e-02 3.379336560988330240e-02
8.683002320620583636e-02 3.192711735208490775e-02
8.655549707596671416e-02 3.010803596771908369e-02
8.648929177513059452e-02 2.841335506813799650e-02
8.656245946682518400e-02 2.678740469126929952e-02
8.671983603888908099e-02 2.517074344135090957e-02
8.687762666170170678e-02 2.358672933351400186e-02
8.688556957110242507e-02 2.218194992205420324e-02
8.651084708974472737e-02 2.130212345494662471e-02
8.542601970548477364e-02 2.148299944617914486e-02
8.328389375480978185e-02 2.321787567503326086e-02
8.175044690985097673e-02 2.696006519769252041e-02
8.598872630484077906e-02 -9.650046478621739088e-02
8.923945329913551827e-02 -9.679938580205403598e-02
9.138840850616619660e-02 -9.114517338806149560e-02
9.023987409462358444e-02 -9.029458069713561241e-02
8.877618063686365524e-02 -9.159403388954118208e-02
8.765786097874991856e-02 -9.362127975084517939e-02
8.688260152830948324e-02 -9.517779771251673460e-02
8.593748284512725544e-02 -9.637956629691285526e-02
8.472057717539716037e-02 -9.737980645506827404e-02
8.322622432381229785e-02 -9.831139644823440327e-02
8.156113669135151012e-02 -9.923798032745247133e-02
8.002624406627886766e-02 -1.001212752080969798e-01
7.920748919544237654e-02 -1.007709977444894850e-01
8.001065052624117824e-02 -1.007873615666112221e-01
8.246465852784788664e-02 -1.000926395031922073e-01
8.217892854391160851e-02 -1.006240585731889847e-01
7.818844979089253910e-02 -1.026379439167132285e-01
7.526252433401517394e-02 -1.039468930103900346e-01
7.382582998767707461e-02 -1.045826806927061120e-01
7.324194881187764961e-02 -1.049712309081404366e-01
7.314926195362873862e-02 -1.053052935905708365e-01
7.229427292846438147e-02 -1.058693913303261902e-01
7.402070262560973835e-02 -1.058544643012815090e-01
7.519460580496863111e-02 -1.058944019118912144e-01
7.619703392611208714e-02 -1.057515345916310162e-01
7.715164745369773591e-02 -1.053683142032457443e-01
7.779890878639947327e-02 -1.051423202864971568e-01
7.822855124176832098e-02 -1.054743888888847597e-01
7.502506585037208020e-02 -1.099952494080738835e-01
8.033818872369186126e-02 -1.167320231349898985e-01
1.203292406903949813e-01 5.635649995290111132e-03
1.296743576485911986e-01 1.833926123949195137e-03
1.276721879239957891e-01 -3.659043322367218701e-04
1.263294422423918983e-01 -1.315281613415212681e-03
1.254082193312665849e-01 -1.623163783745540205e-03
1.247109620203363106e-01 -1.667630735494834331e-03
1.241223121608480556e-01 -1.629432793081427239e-03
1.236017649569661619e-01 -1.573105207065087722e-03
1.231631759794962894e-01 -1.507230630676245414e-03
1.228509254882481500e-01 -1.416073787001448500e-03
1.227102781710882468e-01 -1.271139486151164370e-03
1.227469652843343473e-01 -1.034262968741574791e-03
1.191145890875419389e-01 1.946210488247143375e-04
1.258908973495625749e-01 -7.079018944713547697e-04
1.185930027169204704e-01 1.314813257520626639e-04
1.249058511258374637e-01 1.594045082254414315e-03
1.140913102571706750e-01 9.866612144553909506e-04
1.133238944567871026e-01 1.940295629847829141e-03
1.213181182423277993e-01 -2.313310971202478528e-03
1.163737060223353215e-01 -8.144466580364759234e-03
1.826935872715020892e-01 1.163537605642467193e-01
1.803291230240094689e-01 1.110000172902731452e-01
1.786932118095757582e-01 1.088552072647324259e-01
1.789833510758489510e-01 1.077181013141314952e-01
1.744735436033003073e-01 1.102742919087731088e-01
1.737898143568717135e-01 1.105828011263620680e-01
1.728136402723746967e-01 1.109842186535533043e-01
1.709079014834214982e-01 1.116745401282499689e-01
1.683743526423488457e-01 1.124914965504543313e-01
1.656733955219321930e-01 1.132959812062938748e-01
1.635660586910819558e-01 1.138286398931536714e-01
1.631958155834989099e-01 1.136030199326584361e-01
1.648318150010152638e-01 1.125100138427546359e-01
1.640416410629229604e-01 1.126726938618832774e-01
1.593696601255824297e-01 1.144818386987525582e-01
1.555229221399289929e-01 1.156603526482077177e-01
1.532095571944428469e-01 1.161819342672555377e-01
1.519920409377657211e-01 1.164326708683998124e-01
1.515685719756996452e-01 1.165797533276007325e-01
1.517686425021167462e-01 1.166217634881516196e-01
1.524745149187896054e-01 1.164741311977191274e-01
1.535837618605941368e-01 1.160367741013357129e-01
1.549180232841613769e-01 1.153409175405550186e-01
1.561416957014377938e-01 1.147432009146122783e-01
1.567741741482802653e-01 1.150828444495108627e-01
1.562864367574219870e-01 1.176507342207917389e-01
1.542866539689906058e-01 1.236244058020693481e-01
2.147121513047606234e-01 3.422414114507087764e-03
2.106641137893440763e-01 8.137459099606569185e-03
1.960677001030490529e-01 9.852542860006231751e-03
2.284450489598598977e-01 9.938504350811313073e-03
2.004709418299657486e-01 1.143310970501901919e-02
2.059603704277963854e-01 1.004231167334401938e-02
1.998622216341627567e-01 1.127002990271958743e-02
2.065141144636648829e-01 9.909852655442528621e-03
2.004761723618746216e-01 1.095467554146229913e-02
2.056514779751980881e-01 9.769160144917403421e-03
2.001646346094818063e-01 1.043474707371727650e-02
2.040632376761991051e-01 9.647184145587595419e-03
1.991868939204872735e-01 9.592630586157184849e-03
2.002806491363591512e-01 9.194118187888782046e-03
2.007971948495847481e-01 8.933997374242953413e-03
2.009383074614775333e-01 8.605763371222893351e-03
2.009589735437606051e-01 8.125632998768148735e-03
2.007701549983950673e-01 7.361930144182311092e-03
1.995238489855319652e-01 6.405398180577067703e-03
1.962421183278252601e-01 5.502555517308177317e-03
1.899338962231045258e-01 5.372270420961887047e-03
2.017827233891130445e-01 8.602480673525009225e-03
1.948023331440282280e-01 1.320986703428851661e-02
2.614515859433418909e-01 -1.085382354504591113e-01
2.591624153851019852e-01 -1.045660754384239027e-01
2.600910829090423704e-01 -1.027052375009530200e-01
2.532717444926587680e-01 -1.039196088432425003e-01
2.533232240175384842e-01 -1.044358233973166211e-01
2.528901376754797425e-01 -1.050349188970791936e-01
2.512437278904390281e-01 -1.057820775526801260e-01
2.487185965308832958e-01 -1.065892031296126613e-01
2.456607071183084523e-01 -1.074401471799888430e-01
2.425778552635921015e-01 -1.082790400783825713e-01
2.403428428425738450e-01 -1.088977877820256207e-01
2.402436826446306406e-01 -1.088449562845995866e-01
2.424805877804822873e-01 -1.079840036741123582e-01
2.418926304430033536e-01 -1.082769896338813126e-01
2.367955163950091202e-01 -1.100663709373722182e-01
2.325189522723039581e-01 -1.112038969865992571e-01
2.299322455643161567e-01 -1.117049518600404384e-01
2.285742349439819632e-01 -1.119616333995773066e-01
2.281314429480378048e-01 -1.121347151484212296e-01
2.284191178777856546e-01 -1.122256102809556927e-01
2.293275702253813608e-01 -1.121437689520414505e-01
2.307560938199027245e-01 -1.117881575354373602e-01
2.325182427606460878e-01 -1.111817709387770137e-01
2.342405707888788879e-01 -1.106652607752255102e-01
2.353421394618687990e-01 -1.110684300136412783e-01
2.351290488254999256e-01 -1.136672875833692198e-01
2.328759307871198503e-01 -1.196199911072462485e-01
2.923096158468059813e-01 2.459379168552285663e-04
2.879065516600683994e-01 -4.472462838405617466e-03
2.766310183367106101e-01 2.037391184332594269e-03
3.033956265499743177e-01 -5.735794417045156877e-03
2.802774651365394498e-01 -7.663397456571315221e-03
2.802184636791903438e-01 -6.467914232233229130e-03
2.812025639919882858e-01 -5.195405919671301949e-03
2.816999986096661024e-01 -4.604677905274974503e-03
2.818041287637777503e-01 -4.413515805305578098e-03
2.813646955574108377e-01 -4.397366366478026520e-03
2.807468589216409738e-01 -4.357309604963628853e-03
2.799865408846234360e-01 -4.281654916050509942e-03
2.792330282343530867e-01 -4.179795672984550070e-03
2.786072270929607075e-01 -4.077188586864467432e-03
2.782284091500575873e-01 -3.974194682292321937e-03
2.781756118931372757e-01 -3.822336639742574416e-03
2.783719338413339628e-01 -3.521581691277308589e-03
2.784307852515325865e-01 -2.954340999488118315e-03
2.775190647265759480e-01 -2.088875145408404521e-03
2.744419312870485794e-01 -1.160233206416774829e-03
2.679999351457756918e-01 -8.896857966361310620e-04
2.777066499702384172e-01 -3.469238915084132957e-03
2.712270678866155471e-01 -7.568779412236825710e-03
3.398160406994934490e-01 1.125962627104121483e-01
3.360229411268367272e-01 1.086577299745662972e-01
3.415426604473245087e-01 1.068653602528747137e-01
3.386320106068704261e-01 1.070890507523389740e-01
3.271377269964821366e-01 1.087991544978053338e-01
3.303006049605714534e-01 1.090669578419973113e-01
3.251984264959598692e-01 1.103314150208485334e-01
3.278142724316643886e-01 1.098558684437743044e-01
3.172856690371714805e-01 1.120724812271452070e-01
3.172388083572938999e-01 1.122825677152596013e-01
3.267444266925725316e-01 1.108243000102026588e-01
