8.797429071997003858e-02 4.108095615155706731e-02
8.739576720116239150e-02 3.951590171341230057e-02
8.735828642848748882e-02 3.785091839580605882e-02
8.736716251640402886e-02 3.651812223068135604e-02
8.735505528283814269e-02 3.520594207985439095e-02
8.731437269456573946e-02 3.389059701855887813e-02
8.724700325095845199e-02 3.257988341534691357e-02
8.715611112377931458e-02 3.128237526761373094e-02
8.704465533794855658e-02 3.000445991219229114e-02
8.691519295786684363e-02 2.875057889567281602e-02
8.676993688202938593e-02 2.752381363702603029e-02
8.661084676329289245e-02 2.632637767238750828e-02
8.643971097604261078e-02 2.515994461810115712e-02
8.625820762362076954e-02 2.402582495382659181e-02
8.606793511107120598e-02 2.292504361804790711e-02
8.587042554295494512e-02 2.185837591140847233e-02
8.566711443779111146e-02 2.082637131165113870e-02
8.545927170404699069e-02 1.982941664290412132e-02
8.524797748946184861e-02 1.886783230381492565e-02
8.503414298033921959e-02 -8.455811425950310323e-02
8.481853238559473873e-02 -8.544899723502748234e-02
8.477940122173782678e-02 -8.779501808963194320e-02
8.466345706650525715e-02 -8.842433201554097955e-02
8.452102589267643240e-02 -8.909323070627364616e-02
8.406242159241560097e-02 -8.990487047520781538e-02
8.369329128513955385e-02 -9.076165943386800550e-02
8.332370766350562230e-02 -9.165227473704733174e-02
8.294791620967804924e-02 -9.256750532685058264e-02
8.256974401132041730e-02 -9.349594023945641263e-02
8.219268947141286641e-02 -9.442856604830651701e-02
8.181884291310860535e-02 -9.535790977186074657e-02
8.144902198797542014e-02 -9.627764815149228439e-02
8.108309408394830109e-02 -9.718233001851406261e-02
8.072040078906445038e-02 -9.806725374950524265e-02
8.036015853012830334e-02 -9.892840454453512289e-02
8.000173102228018418e-02 -9.976240112468370835e-02
7.964483484825635173e-02 -1.005664232168703570e-01
7.928948065378559062e-02 -1.013383035672384830e-01
7.893561792905248731e-02 -1.020766503667521891e-01
7.858305869980183878e-02 -1.027805392090915954e-01
7.823152183724238484e-02 -1.034491826230867911e-01
7.784670182806627259e-02 -1.041423565511591515e-01
7.751275808658261712e-02 -1.047379801220410106e-01
7.717725181019365055e-02 -1.052946510887341758e-01
7.683804358535220591e-02 -1.058141042107158397e-01
7.649567661371485527e-02 -1.062978725950231157e-01
7.615156060656323722e-02 -1.067476840795972270e-01
7.581365137283981037e-02 -1.071357385721005556e-01
7.547170317870660616e-02 -1.075233918584432707e-01
1.255839095800596883e-01 -5.338027347945598078e-03
1.251955739983915961e-01 -5.425191000043917341e-03
1.248069671115152601e-01 -5.531287500733944075e-03
1.244024126097480060e-01 -5.550931129837214165e-03
1.239852724341183876e-01 -5.486858395324120501e-03
1.235586241511939243e-01 -5.352530986543597123e-03
1.231251939921460675e-01 -5.160157835301748194e-03
1.226871296511429787e-01 -4.919928735160659407e-03
1.222460663778206086e-01 -4.640390586963951715e-03
1.218032875148151450e-01 -4.328875965080771632e-03
1.213598822829435597e-01 -3.991823590772881382e-03
1.209168711818018882e-01 -3.634978918589315371e-03
1.204752885434263177e-01 -3.263500309007907711e-03
1.198280649085565752e-01 -2.673255309941039229e-03
1.195469026283211417e-01 -2.462333568979815663e-03
1.189556241661256092e-01 -1.867227012923725407e-03
1.187097696640256328e-01 -1.682935190750012343e-03
1.181068173941304811e-01 -1.085679469102749251e-03
1.179035429110280309e-01 -9.261589046350456435e-04
1.172858077987749964e-01 -3.432826033796165452e-04
1.672932883872819132e-01 1.022922225353402326e-01
1.666612523938514889e-01 1.028513789036577253e-01
1.662695418182301155e-01 1.031826948690315743e-01
1.658989931952243313e-01 1.035540084303282621e-01
1.658299066132384314e-01 1.037296706424163800e-01
1.650920400911638219e-01 1.045082972402834876e-01
1.646512032516749824e-01 1.050984036322204079e-01
1.642260682335297817e-01 1.057221301640539901e-01
1.638016365170292254e-01 1.063706327636117360e-01
1.633801414460938628e-01 1.070335352330052392e-01
1.629629505005766865e-01 1.077025049691767433e-01
1.625501194424839868e-01 1.083706048051801540e-01
1.621408982428104162e-01 1.090318309175853789e-01
1.617342581896281106e-01 1.096808687660076054e-01
1.613292232722390862e-01 1.103130133304043997e-01
1.609250330152235398e-01 1.109241919252833691e-01
1.605212893605511282e-01 1.115110833636695359e-01
1.601178303492315769e-01 1.120713294253903314e-01
1.597143873579101592e-01 1.126034827681640788e-01
1.593105792467030546e-01 1.131064756007455763e-01
1.589058973316563872e-01 1.135793332285371104e-01
1.584996859261785240e-01 1.140213537436975677e-01
1.580913313259388053e-01 1.144321845442006907e-01
1.576805160272609085e-01 1.148117933679489999e-01
1.572674695554401314e-01 1.151604906341795603e-01
1.568531216516717008e-01 1.154789351166752992e-01
1.564390715896104567e-01 1.157681424584308671e-01
2.058618576496432095e-01 1.352952073873787964e-02
2.054549989822779810e-01 1.376420057737659172e-02
2.050547500399892975e-01 1.397504877442952952e-02
2.047776402454987432e-01 1.410852037607609327e-02
2.044811689935400467e-01 1.391100904949997552e-02
2.038510994568536738e-01 1.404324377156535714e-02
2.035536698360471686e-01 1.372345903236555503e-02
2.028930121002480713e-01 1.361175070150273322e-02
2.025913963277962693e-01 1.321548984511579893e-02
2.019124865281208270e-01 1.293004775988802063e-02
2.016128911992643435e-01 1.249485881343346746e-02
2.009269195419071119e-01 1.208506403953632340e-02
2.006319746251085112e-01 1.163698426365603056e-02
1.999452313742523524e-01 1.113875283805755741e-02
1.994542813661566716e-01 1.062699759794132406e-02
1.989863569554819744e-01 1.011145376792739817e-02
1.985227386524003879e-01 9.596656145992778914e-03
1.980632264713889090e-01 9.086385320439300736e-03
1.976085012614945680e-01 8.583827937759231849e-03
1.971593012714567550e-01 8.091532416152355869e-03
1.967162861535095009e-01 7.611471459382181462e-03
1.962799961973717977e-01 7.145075725407091898e-03
1.958510033115742899e-01 6.693433925870522112e-03
2.455949195807110019e-01 -9.624264978507139634e-02
2.451746945308335146e-01 -9.666366592403446978e-02
2.447568938775463443e-01 -9.713008222888890042e-02
2.446788949595889995e-01 -9.747259800637358973e-02
2.438292317877109594e-01 -9.826490580217668580e-02
2.433297107594414588e-01 -9.894608739735794023e-02
2.428502306443250380e-01 -9.966182955078252415e-02
2.423709807752015277e-01 -1.004014668905135188e-01
2.418949807937882945e-01 -1.011545667616185612e-01
2.414245891880530959e-01 -1.019126962411078807e-01
2.409605957199298931e-01 -1.026687477689947059e-01
2.405025914128753883e-01 -1.034165363350656452e-01
2.400495377504895389e-01 -1.041506354561268916e-01
2.396003084336366939e-01 -1.048663233633430614e-01
2.391539634285255733e-01 -1.055595706350678786e-01
2.387097734520979564e-01 -1.062270316261136188e-01
2.382673098645311516e-01 -1.068661139955073558e-01
2.378263520231146400e-01 -1.074751510554260436e-01
2.373865573825084119e-01 -1.080533195968094579e-01
2.369474860906954916e-01 -1.086001078306586681e-01
2.365085399664118015e-01 -1.091150192280002651e-01
2.360689198813503697e-01 -1.095977667981636733e-01
2.356278631580403515e-01 -1.100483818681640136e-01
2.351849516337489454e-01 -1.104672032731348480e-01
2.347404053486198405e-01 -1.108548889301528423e-01
2.342952503856303992e-01 -1.112123971483103685e-01
2.338512735958573896e-01 -1.115409730397777244e-01
2.832452169505429440e-01 -9.342164572542152601e-03
2.828106867890841092e-01 -9.617147575909581678e-03
2.823838452760505380e-01 -9.868756329550663897e-03
2.829487363114255860e-01 -6.903109930188833232e-03
2.825275856272437824e-01 -7.119778511419898835e-03
2.820839721607864559e-01 -7.222332887138415390e-03
2.816239646508477690e-01 -7.220292549336068504e-03
2.811519179749026875e-01 -7.132746149208201054e-03
2.806711316052341032e-01 -6.975328757273741367e-03
2.801839469700876384e-01 -6.760814527006247208e-03
2.796921859287719303e-01 -6.499848126002185159e-03
2.791973200167990332e-01 -6.201642506843545698e-03
2.787006696549998441e-01 -5.874322605220534677e-03
2.782033867107440162e-01 -5.525128917004216295e-03
2.777064874510434822e-01 -5.160480176747379161e-03
2.772108408010820479e-01 -4.786019561239925058e-03
2.767171831778104107e-01 -4.406664422092244210e-03
2.762261627092802985e-01 -4.026655627559248135e-03
2.757383893554177234e-01 -3.649591718549017802e-03
2.752544511375606962e-01 -3.278440627417979637e-03
2.747748733903011553e-01 -2.915549080710896218e-03
2.743253189651032597e-01 -2.562309732081183462e-03
2.728417084264077030e-01 -2.240439289168216167e-03
3.231868140212047491e-01 1.006317005161560529e-01
3.221309100841323603e-01 1.009575004304348461e-01
3.218887618578484822e-01 1.012892344941540429e-01
3.220227870172941431e-01 1.016358534917237849e-01
3.218961173731501035e-01 1.019653401436603768e-01
3.204010053267768443e-01 1.025573470038580598e-01
3.203053582987201442e-01 1.030948498441393302e-01
3.196667478856402012e-01 1.037413814620018471e-01
3.189673047566196074e-01 1.043328440326235507e-01
3.187066376794466804e-01 1.050421019755801572e-01
3.186282944983351295e-01 1.056948844832116957e-01
3.185185686720258813e-01 1.063254244719320785e-01
3.184179254325426034e-01 1.069825749980428675e-01
3.174195978438648091e-01 1.076002610472729382e-01
3.178089643558674737e-01 1.081283975593277796e-01
3.175794947062385298e-01 1.087194655932349346e-01
3.165076224230465307e-01 1.092820015905160702e-01
3.162744177445847016e-01 1.098138757893456774e-01
3.155553949953253667e-01 1.103205619414724808e-01
3.152838967106328938e-01 1.108071269451304380e-01
3.136743863401245114e-01 1.112927796767363836e-01
3.137298559414812837e-01 1.116539464711694546e-01
3.128829956049975491e-01 1.120450907181229916e-01
3.119559425011045883e-01 1.124381486126659474e-01
3.121386464855578913e-01 1.127798160603506183e-01
3.131476250424976571e-01 1.130944957672232881e-01
3.142170109274328160e-01 1.134151078731137074e-01
3.630955721095481259e-01 1.122001397349101093e-02
3.621742445322079229e-01 1.149636637495925554e-02
3.612922102546596292e-01 1.174656088675044528e-02
3.605331792943211600e-01 1.191023926914528373e-02
