8.609452051588799282e-02 5.182368120431792945e-06
9.711690265026434732e-02 -4.246982112575006796e-02
1.090221560311897264e-01 -9.129397855788530525e-02
1.086419020442416228e-01 -9.620904484265316303e-02
1.057479710188370808e-01 -9.183761601867602986e-02
1.024984765248549007e-01 -8.584079338813858928e-02
9.935883893216884699e-02 -7.987605795603362757e-02
9.641866933843180887e-02 -7.421474473929944027e-02
9.368500752407653287e-02 -6.858014137145584943e-02
9.114924799551606116e-02 -6.148706746421552655e-02
8.881132336092233126e-02 -4.628691636051945196e-02
8.673497887691197783e-02 6.853352176372883367e-03
8.489836110464946128e-02 5.951218904085699146e-02
8.318420561540702807e-02 7.335615124523049702e-02
8.159608246766995865e-02 7.841054877882447371e-02
8.012944128770428664e-02 8.136746874844358324e-02
7.877662046022126940e-02 8.372698615963546087e-02
7.752929607763121844e-02 8.583387457977185997e-02
7.637938936571471438e-02 8.777526159214099621e-02
7.531932067908969630e-02 8.958026170610841610e-02
7.434204842211555864e-02 9.126441929350899429e-02
7.344104658663788698e-02 9.283964682981825367e-02
7.261026721312904830e-02 9.431648851279959833e-02
7.184410057554631301e-02 9.570467407467489473e-02
7.113733629664931168e-02 9.701328905857750651e-02
7.048512609785723138e-02 9.825085662934146535e-02
6.988294820976885535e-02 9.942539673307002057e-02
6.932657321324195432e-02 1.005444774279576903e-01
6.881203116690991217e-02 1.016152618273113983e-01
6.833557964322599376e-02 1.026445514186639790e-01
6.789367253436363880e-02 1.036388253719511404e-01
6.748292913384565384e-02 1.046042727792703131e-01
6.709945658497673548e-02 1.054396002912250108e-01
6.674007248956528859e-02 1.061341109814719630e-01
6.640246478433672883e-02 1.068030899630240671e-01
6.608380580097658608e-02 1.074717294290419706e-01
6.578108906053144189e-02 1.081332261952538537e-01
6.549098354230718788e-02 1.087199239866538936e-01
6.520896747019377937e-02 1.089090100629055285e-01
6.492582412203509734e-02 1.072343356330537345e-01
6.461376938693319527e-02 9.708828726220215810e-02
6.417329768035492932e-02 4.872358969167456949e-02
6.382254247100556388e-02 5.112669872842188091e-04
6.367891405879283484e-02 -9.261449007207983933e-03
6.357929269509564330e-02 -1.053430885150915750e-02
6.349028189931534005e-02 -9.962693604122191404e-03
6.340519430715102489e-02 -9.021989894201961832e-03
6.332263268271562384e-02 -8.036013134630155819e-03
6.324217285504037112e-02 -7.072748770542858915e-03
6.316350948010512889e-02 -6.143481577880076372e-03
6.308629226107953514e-02 -5.247049688689263761e-03
6.301009673707351488e-02 -4.379671281525038436e-03
6.293447623710912708e-02 -3.644318554568720930e-03
6.285906784971674599e-02 -3.053194823613812527e-03
6.278331044354730495e-02 -2.492440669564505683e-03
6.270645910631703068e-02 -1.938199967845797038e-03
6.262769744173168895e-02 -1.398561189021580711e-03
6.254628491675184865e-02 -9.424322899825094595e-04
6.246228321590843041e-02 -8.938924035450286371e-04
6.238027724519675660e-02 -2.720640682636253378e-03
6.232812529536958107e-02 -1.303361525735949669e-02
6.245103234386167185e-02 -6.159190577325059784e-02
6.266577233847496486e-02 -1.100079425281645373e-01
6.277022539471376061e-02 -1.199820446638264898e-01
6.283584393791576128e-02 -1.214714488815823168e-01
6.288366832415075158e-02 -1.211362435434513163e-01
6.292054543964532842e-02 -1.204537996401234129e-01
6.294927472376443678e-02 -1.197495078569526250e-01
6.297143509822347718e-02 -1.190929486589971664e-01
6.298815280263284078e-02 -1.184970999172999667e-01
6.300031495040926688e-02 -1.179626081751033867e-01
6.300863710890118596e-02 -1.174876189381837410e-01
6.301369152572235122e-02 -1.170699517921443278e-01
6.301592334240099791e-02 -1.167075747676634689e-01
6.301566175226069877e-02 -1.163987015899080463e-01
6.301312834171653166e-02 -1.161418060223082804e-01
6.300844149630169255e-02 -1.159356186380775255e-01
6.300162214851630360e-02 -1.157791204949586289e-01
6.299259266508464017e-02 -1.156715367946580253e-01
6.298117724040563914e-02 -1.156123309936561289e-01
6.296709880567513684e-02 -1.156011986754400950e-01
6.294997398708024328e-02 -1.156380578481711746e-01
6.292848573637106757e-02 -1.156159300160230358e-01
6.290198906989810657e-02 -1.155187539627732796e-01
6.287069378114812368e-02 -1.154567325939392097e-01
6.283392830037344556e-02 -1.154504598473264226e-01
6.279061780777424329e-02 -1.154889130268708097e-01
6.273913404623336632e-02 -1.155005837834874594e-01
6.267624244849683002e-02 -1.151592859437929606e-01
6.259273850543188578e-02 -1.129965388526702613e-01
6.245590588982907754e-02 -1.024058158796117973e-01
6.214088180510846798e-02 -5.365280580097109286e-02
6.191402950683327910e-02 -5.075467232199116878e-03
6.192537189931487246e-02 5.055821187671060389e-03
6.197625096404224543e-02 6.663431084079923621e-03
6.202675807052477480e-02 6.401197582002377678e-03
6.206969118594916901e-02 5.745770606124638198e-03
6.210431690829439078e-02 5.022680131258373815e-03
6.213105460228589977e-02 4.301609369186982709e-03
6.215042002448483566e-02 3.595435077690359912e-03
6.216282480524695786e-02 2.904470599431095180e-03
6.216854446350130597e-02 2.226297308947057518e-03
6.216772527365531376e-02 1.665123221814206666e-03
6.216060450162035761e-02 1.234319501249424344e-03
6.214722125819869408e-02 8.211277048363440755e-04
6.212733032753030987e-02 4.026839612673273816e-04
6.210056030421630402e-02 -1.201383276114589783e-05
6.206656286207409834e-02 -3.532253606213725874e-04
6.202570104765471604e-02 -2.961260734877986544e-04
6.198260042708723938e-02 1.627588642052688267e-03
6.196421003016069212e-02 1.202915347331147931e-02
6.211113271125205670e-02 6.066777671445464093e-02
6.235104435460669253e-02 1.091607685794635796e-01
6.248731994044354893e-02 1.192071849156049052e-01
6.258344137805282870e-02 1.207630238957095037e-01
6.265912228118128424e-02 1.204887311366854563e-01
6.272118611614847794e-02 1.198621274744918613e-01
6.277264380314821757e-02 1.192090256660508496e-01
6.281530855962276505e-02 1.185993930942964431e-01
6.285052499474530485e-02 1.180465621279353644e-01
6.287937761804064662e-02 1.175515043392639791e-01
6.290275963696273509e-02 1.171126633319984345e-01
6.292140332892573462e-02 1.167281321132739996e-01
6.293589824409119571e-02 1.163961295147548508e-01
6.294670416389208656e-02 1.161150993348959576e-01
6.295416096101538739e-02 1.158837264196290878e-01
6.295849428940433756e-02 1.157009350327069114e-01
6.295982252209386676e-02 1.155658839933252496e-01
6.295815662516178468e-02 1.154779616743543957e-01
6.295340143109791342e-02 1.154367813393566977e-01
6.294535333415790523e-02 1.154421761311432704e-01
6.293369595661600646e-02 1.154941903905606915e-01
6.291716373737561707e-02 1.154859500070364170e-01
6.289516185514321123e-02 1.154014978343976677e-01
6.286795844925809063e-02 1.153511463720230806e-01
6.283493094534968459e-02 1.153555818900563190e-01
6.279504652608665360e-02 1.154038631662640674e-01
6.274670718247950252e-02 1.154245495094808199e-01
6.268666976667079671e-02 1.150914863193838178e-01
6.260555432365146056e-02 1.129360848051636085e-01
6.246970806984621094e-02 1.023511090772795673e-01
6.214982352751832057e-02 5.359900982003489717e-02
6.191712136087335755e-02 5.022306378762765762e-03
6.192756730873077986e-02 -5.104750637843255556e-03
6.197871035197238115e-02 -6.707705355141643094e-03
6.202975729065232646e-02 -6.441035789801514456e-03
6.207329830752613548e-02 -5.781506797820209695e-03
6.210855005431911713e-02 -5.054648262921474650e-03
6.213591932141523944e-02 -4.330119698230888367e-03
6.215591867875953913e-02 -3.620770899292107946e-03
6.216895937356326646e-02 -2.926889359253052880e-03
6.217531788748898586e-02 -2.246032513643491692e-03
6.217512205289182220e-02 -1.682398708679548084e-03
6.216860748510936313e-02 -1.249341082532242925e-03
6.215583393430907516e-02 -8.340701537435299667e-04
6.213656224199205769e-02 -4.137026718892637396e-04
6.211042177304496731e-02 2.777817120376419493e-06
6.207705262779493471e-02 3.456369579405439685e-04
6.203675910357093343e-02 2.900248983750332190e-04
6.199388792661410241e-02 -1.632524430460831908e-03
6.197411973810906805e-02 -1.203401362467316181e-02
6.211231570695343457e-02 -6.067709818753175971e-02
6.234329583145160197e-02 -1.091745648532685686e-01
6.247782436540492979e-02 -1.192211554157101838e-01
6.257378435435205499e-02 -1.207763087632752336e-01
6.264963381880726823e-02 -1.205012191405655103e-01
6.271191393000130621e-02 -1.198738674692638728e-01
6.276357034802552970e-02 -1.192200965711940203e-01
6.280640146012492209e-02 -1.186098755944107186e-01
6.284174721477993331e-02 -1.180565329520506385e-01
6.287069029643035933e-02 -1.175610355146226443e-01
6.289412271084178496e-02 -1.171218224967144200e-01
6.291277566662682730e-02 -1.167369830213123155e-01
6.292723763776765511e-02 -1.164047325547964418e-01
6.293796726530093144e-02 -1.161235120225419526e-01
6.294530291230251984e-02 -1.158920038662502039e-01
6.294946954476714207e-02 -1.157091303947671013e-01
6.295058324887957413e-02 -1.155740489021565703e-01
6.294865345582560667e-02 -1.154861466607222109e-01
6.294358301500403707e-02 -1.154450362511422884e-01
6.293516610009160239e-02 -1.154505505527986253e-01
6.292308385813134841e-02 -1.155027340664175894e-01
6.290609018595448576e-02 -1.154947003434181191e-01
6.288359122393467893e-02 -1.154104909575346949e-01
6.285582971698730481e-02 -1.153604327660132101e-01
6.282217566420918164e-02 -1.153652162261375319e-01
6.278159510449220215e-02 -1.154139009832926416e-01
6.273250151083900605e-02 -1.154350402374652029e-01
6.267171735050382220e-02 -1.151024419483481082e-01
6.259017304899065770e-02 -1.129473364808605135e-01
6.245562972045577699e-02 -1.023616555649990434e-01
6.214518274802648817e-02 -5.360406007313096161e-02
6.192203792100461901e-02 -5.021739224995295722e-03
6.193395223441171271e-02 5.106188146600319777e-03
6.198476336085649574e-02 6.708950378072967013e-03
6.203508194564065492e-02 6.441850110163037380e-03
6.207781053177407332e-02 5.781836032466652030e-03
6.211223420858611594e-02 5.054478300770429665e-03
6.213877351275429173e-02 4.329444428672967783e-03
