8.619382677745619781e-02 5.182198902623620970e-06
1.033374421258273917e-01 -5.540055984518971882e-02
1.047593069008069533e-01 -6.385546847623592426e-02
1.028466665970161065e-01 -6.213236907338469395e-02
1.003427809983006014e-01 -5.838877120696147477e-02
9.784745367580469089e-02 -5.441836463915744604e-02
9.548460666793359697e-02 -5.058825820336924906e-02
9.327299331616846489e-02 -4.689187290392731605e-02
9.120857750171509903e-02 -4.298169525559956961e-02
8.928280936449436989e-02 -3.727122900926164301e-02
8.748665131836264042e-02 -2.266362260699349152e-02
8.581143838678698121e-02 3.271123855614936626e-02
8.424903704646476144e-02 4.694069063322680452e-02
8.279185029359353853e-02 5.189321512914886469e-02
8.143279056080199307e-02 5.466295652688865636e-02
8.016524738909251713e-02 5.683529353314034638e-02
7.898305570813637932e-02 5.877027335173547196e-02
7.788046590657357604e-02 6.055500230703836362e-02
7.685211584337650614e-02 6.221542916850428262e-02
7.589300472973981027e-02 6.376346386179782000e-02
7.499846876871756052e-02 6.520748346205698653e-02
7.416415843699293575e-02 6.655469592709910287e-02
7.338601729864575873e-02 6.781169166221853728e-02
7.266026224770075204e-02 6.898459043917484768e-02
7.198336508309167991e-02 7.007909672812426272e-02
7.135203532615512489e-02 7.110053315633782511e-02
7.076320419682873009e-02 7.205386769493027366e-02
7.021400967038486651e-02 7.294373813068069645e-02
6.970178254180603439e-02 7.377447466788772390e-02
6.922403342982687280e-02 7.455012077060085840e-02
6.877844065725116640e-02 7.527445162150656066e-02
6.836283894841363451e-02 7.595098686323072112e-02
6.797520888857241927e-02 7.644285837578621012e-02
6.761366709340990711e-02 7.687135898309813142e-02
6.727645703881267314e-02 7.726420458918020762e-02
6.696194049770301526e-02 7.762536273157349953e-02
6.666858950387710703e-02 7.794063567551565153e-02
6.639497863143230261e-02 7.813415891740839447e-02
6.613977677746564476e-02 7.785746409096853948e-02
6.590173492368012198e-02 7.553732044856223404e-02
6.567965414575921423e-02 6.409239748640863099e-02
6.547226322840592194e-02 1.166775832364487855e-02
6.527905315059187585e-02 1.903805695419452659e-04
6.509889301824320351e-02 -2.194829885434000996e-03
6.493086523270871768e-02 -2.569520600816749267e-03
6.477414447556924249e-02 -2.507409417707774993e-03
6.462796778101517758e-02 -2.357663312014702563e-03
6.449162506375086257e-02 -2.197236281611099004e-03
6.436445438477909897e-02 -2.042603277397326937e-03
6.424583844769228558e-02 -1.896832987345859357e-03
6.413520153372072319e-02 -1.760051951311572375e-03
6.403200668836996068e-02 -1.631773702140565732e-03
6.393575310764927633e-02 -1.651562168138046537e-03
6.384597370264671889e-02 -1.700610867763416648e-03
6.376223282869634967e-02 -1.753518361995600947e-03
6.368412416765814599e-02 -1.808476604262072504e-03
6.361126875290415428e-02 -1.881699586569517482e-03
6.354331312737335202e-02 -2.050934903165987228e-03
6.347992762572161884e-02 -2.666410050535483051e-03
6.342080477220241042e-02 -5.302999505700324578e-03
6.336565778647763880e-02 -1.704357009352953228e-02
6.331421919008504984e-02 -6.974449508036575929e-02
6.326623950677844055e-02 -8.148014029794986568e-02
6.322148605041438829e-02 -8.410685689642936891e-02
6.317974179448615502e-02 -8.470746920448572748e-02
6.314080431780243197e-02 -8.485679730423797973e-02
6.310448482118018176e-02 -8.490504126844317101e-02
6.307060721036628070e-02 -8.493012409021571951e-02
6.303900724072555861e-02 -8.494943030223933711e-02
6.300953171953320442e-02 -8.496688294788697082e-02
6.298203776199064186e-02 -8.498341063940907658e-02
6.295639209734503472e-02 -8.499927498049189567e-02
6.293247042173698291e-02 -8.501458826965785365e-02
6.291015679462803878e-02 -8.502942884223002595e-02
6.288934307587233652e-02 -8.504386695553081688e-02
6.286992840069417776e-02 -8.505797078740259809e-02
6.285181869001800481e-02 -8.507180801520930480e-02
6.283492619376943034e-02 -8.508544640738215092e-02
6.281916906492615582e-02 -8.509895415587412359e-02
6.280447096224787973e-02 -8.511239995115732482e-02
6.279076067975299102e-02 -8.512585207467326942e-02
6.277797180114082221e-02 -8.513937307997196391e-02
6.276604237747927806e-02 -8.501287072812427348e-02
6.275491462659082975e-02 -8.486463098814620021e-02
6.274453465267562646e-02 -8.471956552636239479e-02
6.273485218480855108e-02 -8.457902660084842816e-02
6.272582033303943094e-02 -8.442637741777167526e-02
6.271739536091093525e-02 -8.418347875604964559e-02
6.270953647328841862e-02 -8.349974079575654684e-02
6.270220561847064666e-02 -8.079995426873456954e-02
6.269536730362007537e-02 -6.900094344970057747e-02
6.268898842261523552e-02 -1.624605055084609243e-02
6.268303809548951555e-02 -4.460648210396878088e-03
6.267748751867553703e-02 -1.788145469961355954e-03
6.267230982532812078e-02 -1.145498756458415007e-03
6.266747995504694246e-02 -9.576882549719827054e-04
6.266297453236631398e-02 -8.743327180964887563e-04
6.265877175342157712e-02 -8.173456686199863375e-04
6.265485128024193828e-02 -7.691959567487230767e-04
6.265119414215609972e-02 -7.258298359168646914e-04
6.264778264383207007e-02 -6.862020543414171225e-04
6.264460027950449761e-02 -6.499422434202938286e-04
6.264163165297292890e-02 -4.766873461208181485e-04
6.263886240298277563e-02 -2.844985341685368763e-04
6.263627913362637689e-02 -9.808212964245756338e-05
6.263386934942669071e-02 8.140212658864359740e-05
6.263162139478795076e-02 2.707728747080896670e-04
6.262952439751982847e-02 5.483416407684529870e-04
6.262756821616062564e-02 1.264861879617773521e-03
6.262574339084418795e-02 3.995698611274627055e-03
6.262404109747148062e-02 1.582417617391435397e-02
6.262245310496510065e-02 6.860709454240138117e-02
6.262097173539887818e-02 8.041921752718628191e-02
6.261958982680909669e-02 8.311726746246121678e-02
6.261830069850705949e-02 8.378441487103528706e-02
6.261709811872462339e-02 8.399580272237766598e-02
6.261597627443564462e-02 8.410193223954665065e-02
6.261492974320710669e-02 8.418100729287157635e-02
6.261395346694312303e-02 8.425067438449065915e-02
6.261304272739483257e-02 8.431510089280841447e-02
6.261219312331700593e-02 8.437544331823362831e-02
6.261140054916074227e-02 8.443217581328146815e-02
6.261066117519904772e-02 8.448560891890383173e-02
6.260997142898856727e-02 8.453600586979936882e-02
6.260932797807806927e-02 8.458360937806183588e-02
6.260872771387934743e-02 8.462864846962908638e-02
6.260816773662261636e-02 8.467134084476937717e-02
6.260764534132341741e-02 8.471189419847227620e-02
6.260715800469293657e-02 8.475050723265598052e-02
6.260670337292824350e-02 8.478737036513306347e-02
6.260627925032358210e-02 8.482266541332959819e-02
6.260588358864706271e-02 8.485656082687120794e-02
6.260551447723150531e-02 8.474906313730302954e-02
6.260517013373140260e-02 8.461855043818483635e-02
6.260484889550124721e-02 8.449002032182234556e-02
6.260454921155321484e-02 8.436490519095038443e-02
6.260426963505556774e-02 8.422664300421739414e-02
6.260400881633522430e-02 8.399716426378329992e-02
6.260376549635054966e-02 8.332594418222634414e-02
6.260353850060289271e-02 8.063783414886196987e-02
6.260332673345728183e-02 6.884971501529996152e-02
6.260312917284481526e-02 1.610498176466924197e-02
6.260294486532100300e-02 4.329056256312087403e-03
6.260277292145638439e-02 1.665393442023085924e-03
6.260261251153655115e-02 1.030992570783782758e-03
6.260246286155141116e-02 8.508737694244671024e-04
6.260232324945382010e-02 7.746930457872124726e-04
6.260219300166965095e-02 7.243986721791138145e-04
6.260207148984224534e-02 6.824919111981121028e-04
6.260195812779580093e-02 6.449492487947145608e-04
6.260185236870251246e-02 6.107536324941243615e-04
6.260175370244033810e-02 5.795609965890550011e-04
6.260166165312798514e-02 4.110328181155921759e-04
6.260157577682573526e-02 2.232531530421645247e-04
6.260149565939049365e-02 4.094966885550416213e-05
6.260142091447516710e-02 -1.346979834821807054e-04
6.260135118166229584e-02 -3.204898728210343883e-04
6.260128612472301568e-02 -5.947202025848551121e-04
6.260122542999312090e-02 -1.308126269701587185e-03
6.260116880485801227e-02 -4.036058022635336667e-03
6.260111597633952196e-02 -1.586182574130123174e-02
6.260106668977770406e-02 -6.864221628744338055e-02
6.260102070760099890e-02 -8.045198123996363804e-02
6.260097780817915070e-02 -8.314783152378596442e-02
6.260093778475303572e-02 -8.381292701942999468e-02
6.260090044443647472e-02 -8.402240076947327385e-02
6.260086560728490845e-02 -8.412674473736972414e-02
6.260083310542688406e-02 -8.420415415625781552e-02
6.260080278225359229e-02 -8.427226747164345833e-02
6.260077449166294439e-02 -8.433524454681845528e-02
6.260074809735442780e-02 -8.439423487218558617e-02
6.260072347217125743e-02 -8.444970606139719227e-02
6.260070049748671372e-02 -8.450196255600689321e-02
6.260067906263171167e-02 -8.455126190123185559e-02
6.260065906436074190e-02 -8.459784150204062436e-02
6.260064040635375526e-02 -8.464192543389571777e-02
6.260062299875131242e-02 -8.468372677926230829e-02
6.260060675772123606e-02 -8.472344892563427043e-02
6.260059160505403175e-02 -8.476128655688086599e-02
6.260057746778564802e-02 -8.479742634275450053e-02
6.260056427784559119e-02 -8.483204660446105883e-02
6.260055197172847974e-02 -8.486531253031701083e-02
6.260054049018788647e-02 -8.475722760967926983e-02
6.260052977795046991e-02 -8.462616709831186079e-02
6.260051978344954859e-02 -8.449712594137931410e-02
6.260051045857632779e-02 -8.437153407231545721e-02
6.260050175844800169e-02 -8.423282714635538238e-02
6.260049364119132931e-02 -8.400293351698442934e-02
6.260048606774072655e-02 -8.333132639244544837e-02
6.260047900164993073e-02 -8.064285529235784566e-02
6.260047240891632170e-02 -6.885439932422651732e-02
6.260046625781703900e-02 -1.610935184422694622e-02
6.260046051875603479e-02 -4.333133194027210394e-03
6.260045516412141020e-02 -1.669196909683742791e-03
6.260045016815239671e-02 -1.034540919526524827e-03
6.260044550681513609e-02 -8.541841184318763047e-04
6.260044115768693962e-02 -7.777813650259018247e-04
6.260043709984818017e-02 -7.272798595787215159e-04
6.260043331378155329e-02 -6.851798646450016003e-04
6.260042978127793034e-02 -6.474569332889173155e-04
