1.994379922142769813e-03 -2.454820026343362133e-02 0.000000000000000000e+00
4.299578884106163360e-03 -2.641716832621778324e-02 0.000000000000000000e+00
3.386691812672719317e-03 -2.468549107134790019e-02 0.000000000000000000e+00
2.068147825034886977e-03 -2.651170152660901197e-02 0.000000000000000000e+00
8.161984206507227717e-04 -3.152318199642852731e-02 0.000000000000000000e+00
-1.621497934515933777e-04 -3.844395917746106645e-02 0.000000000000000000e+00
-8.206486322778508381e-04 -4.619683816194236625e-02 0.000000000000000000e+00
-1.209631504089934365e-03 -5.415569223037500213e-02 0.000000000000000000e+00
-1.416287864489162562e-03 -6.206657392651670352e-02 0.000000000000000000e+00
-1.521865751086297174e-03 -6.988615424440351720e-02 0.000000000000000000e+00
-1.585639438332415085e-03 -7.765402573039816014e-02 0.000000000000000000e+00
-1.647358743236079478e-03 -8.542490892642637390e-02 0.000000000000000000e+00
-1.733977302267495149e-03 -9.324285103783545858e-02 0.000000000000000000e+00
-1.862301506450772396e-03 -1.011406176006387908e-01 0.000000000000000000e+00
-2.033647337186751149e-03 -1.091560257422691249e-01 0.000000000000000000e+00
-2.221332067202722461e-03 -1.173562954625170796e-01 0.000000000000000000e+00
-2.355056430583066934e-03 -1.258775074745366040e-01 0.000000000000000000e+00
-2.302868309011967506e-03 -1.349627068240127625e-01 0.000000000000000000e+00
-1.866895569203643563e-03 -1.449549625040822964e-01 0.000000000000000000e+00
-8.227250631297751242e-04 -1.562202151246598059e-01 0.000000000000000000e+00
9.912154216345232371e-04 -1.436118278674619053e-01 0.000000000000000000e+00
3.548803972779836398e-03 -1.312039454364676283e-01 0.000000000000000000e+00
6.563320604320948409e-03 -1.202486973224729944e-01 0.000000000000000000e+00
1.023391225041751437e-02 -1.098876858470424073e-01 0.000000000000000000e+00
1.427197538265531987e-02 -9.976662222205642805e-02 0.000000000000000000e+00
1.833951799187080040e-02 -8.978885601899429247e-02 0.000000000000000000e+00
2.217042632746164463e-02 -8.006612770032013604e-02 0.000000000000000000e+00
2.566062720985189463e-02 -7.065685752311283430e-02 0.000000000000000000e+00
2.878428848570211557e-02 -6.155639819044585181e-02 0.000000000000000000e+00
3.157297868507226435e-02 -5.270047716418461287e-02 0.000000000000000000e+00
3.409767824401956776e-02 -4.397966398262645460e-02 0.000000000000000000e+00
3.644106823531714778e-02 -3.526129213826881270e-02 0.000000000000000000e+00
3.865642125813076313e-02 -2.642172844878699911e-02 0.000000000000000000e+00
4.072095661305700359e-02 -1.738932899480633010e-02 0.000000000000000000e+00
4.251695929104456345e-02 -8.181896670347119094e-03 0.000000000000000000e+00
4.388865451973215231e-02 1.108479677192084414e-03 0.000000000000000000e+00
4.475420218523754046e-02 1.041574317692097948e-02 0.000000000000000000e+00
4.517402213408903966e-02 1.977813451876180365e-02 0.000000000000000000e+00
4.533299247345354971e-02 2.931750064154307195e-02 0.000000000000000000e+00
4.548252383583457209e-02 3.918594330305349982e-02 0.000000000000000000e+00
4.588514303230197683e-02 4.952265116322845939e-02 0.000000000000000000e+00
4.698233680069357349e-02 6.047825241701593191e-02 0.000000000000000000e+00
4.851990255042188532e-02 7.200481827256488554e-02 0.000000000000000000e+00
5.076666273972075399e-02 8.414727699044320663e-02 0.000000000000000000e+00
5.383956783572131644e-02 9.687483878423810979e-02 0.000000000000000000e+00
5.773994744799797879e-02 1.101169751872355662e-01 0.000000000000000000e+00
6.241786944996121494e-02 1.238511100692619438e-01 0.000000000000000000e+00
6.770887929595040267e-02 1.381019637576147152e-01 0.000000000000000000e+00
7.401980313881167950e-02 1.535833230998268628e-01 0.000000000000000000e+00
8.180005182884901582e-02 1.707125550001741821e-01 0.000000000000000000e+00
7.756878757248884815e-02 1.643818180886174596e-01 0.000000000000000000e+00
7.417469531178030873e-02 1.594551527602105223e-01 0.000000000000000000e+00
7.144343268007527503e-02 1.555726930477652759e-01 0.000000000000000000e+00
6.923851434767992752e-02 1.524766883836286835e-01 0.000000000000000000e+00
6.747115428495553680e-02 1.500313302088991940e-01 0.000000000000000000e+00
6.609192933355315103e-02 1.481772133105034861e-01 0.000000000000000000e+00
6.507486475935481129e-02 1.468925813928960988e-01 0.000000000000000000e+00
6.440311307342462543e-02 1.461705495019515466e-01 0.000000000000000000e+00
6.405858568004346720e-02 1.460081543955896177e-01 0.000000000000000000e+00
6.401608983744848380e-02 1.464015948556446067e-01 0.000000000000000000e+00
6.424303109108499277e-02 1.473437098141980872e-01 0.000000000000000000e+00
6.470671847637661511e-02 1.488220152606555824e-01 0.000000000000000000e+00
6.610087703835151873e-02 1.506466360742124699e-01 0.000000000000000000e+00
6.646977944514048664e-02 1.532514904819849422e-01 0.000000000000000000e+00
6.846461879715916299e-02 1.562977199432818987e-01 0.000000000000000000e+00
6.953141496910474062e-02 1.596858561699620871e-01 0.000000000000000000e+00
7.289854108352372686e-02 1.638240146540827780e-01 0.000000000000000000e+00
7.669166321273301890e-02 1.684312206228779085e-01 0.000000000000000000e+00
8.315445606250734811e-02 1.741028280403124906e-01 0.000000000000000000e+00
9.148905764599658819e-02 1.815857863102433301e-01 0.000000000000000000e+00
8.979866610838245500e-02 1.651895832783306928e-01 0.000000000000000000e+00
8.980984707270080192e-02 1.504023743208892094e-01 0.000000000000000000e+00
9.087772953871722792e-02 1.366466676768511024e-01 0.000000000000000000e+00
9.221250251743211279e-02 1.237647243533460534e-01 0.000000000000000000e+00
9.436784741094439433e-02 1.110515886908291089e-01 0.000000000000000000e+00
9.633370391097148544e-02 9.893756415889200240e-02 0.000000000000000000e+00
9.793169306847605837e-02 8.736220408243143554e-02 0.000000000000000000e+00
9.915975356021376752e-02 7.619114429658019327e-02 0.000000000000000000e+00
1.000273721148314254e-01 6.528544406232049402e-02 0.000000000000000000e+00
1.005476126824914745e-01 5.449823528299563291e-02 0.000000000000000000e+00
1.007074848384435090e-01 4.370095288046135784e-02 0.000000000000000000e+00
1.004215289881374290e-01 3.283083779812425579e-02 0.000000000000000000e+00
9.952342461961134756e-02 2.192313385367081202e-02 0.000000000000000000e+00
9.785520574065094401e-02 1.106918969120921845e-02 0.000000000000000000e+00
9.537960462285463570e-02 3.085495417216241321e-04 0.000000000000000000e+00
9.221254424409265626e-02 -1.042753450362526174e-02 0.000000000000000000e+00
8.859382869525246618e-02 -2.128272461539112287e-02 0.000000000000000000e+00
8.483060363706805551e-02 -3.241963790724670946e-02 0.000000000000000000e+00
8.124823144325454827e-02 -4.397934361251082391e-02 0.000000000000000000e+00
7.814870287263050996e-02 -5.605461632317054743e-02 0.000000000000000000e+00
7.578907049111334449e-02 -6.868103923008191114e-02 0.000000000000000000e+00
7.436945357508090160e-02 -8.184036366750653546e-02 0.000000000000000000e+00
7.403843058615441897e-02 -9.549010957709275216e-02 0.000000000000000000e+00
7.491451622461799131e-02 -1.096279661834714952e-01 0.000000000000000000e+00
7.711100135103544917e-02 -1.243849166512250165e-01 0.000000000000000000e+00
8.075543322123963919e-02 -1.401139456883590539e-01 0.000000000000000000e+00
8.598981015712402198e-02 -1.573744308473107589e-01 0.000000000000000000e+00
8.054013835426196422e-02 -1.512650396449318202e-01 0.000000000000000000e+00
7.627990409467823307e-02 -1.465752399790220817e-01 0.000000000000000000e+00
7.136379071244078331e-02 -1.428512226345367564e-01 0.000000000000000000e+00
6.800330566216497563e-02 -1.395710510589719122e-01 0.000000000000000000e+00
6.649601271861896312e-02 -1.371744052737657038e-01 0.000000000000000000e+00
6.420115131623907456e-02 -1.350454030566410613e-01 0.000000000000000000e+00
6.330698268185268318e-02 -1.336749947860594034e-01 0.000000000000000000e+00
6.139278486987072292e-02 -1.325696030503605571e-01 0.000000000000000000e+00
6.085526757435356926e-02 -1.321801016473949930e-01 0.000000000000000000e+00
5.956825830928050985e-02 -1.320852099143851044e-01 0.000000000000000000e+00
5.954575561362463604e-02 -1.326334212479736985e-01 0.000000000000000000e+00
5.901126954393278584e-02 -1.335574908482876910e-01 0.000000000000000000e+00
5.962344683244596988e-02 -1.349926843656535647e-01 0.000000000000000000e+00
6.025617040504448185e-02 -1.368879087499683678e-01 0.000000000000000000e+00
6.102054263482589030e-02 -1.392785083279171332e-01 0.000000000000000000e+00
6.199020207968880536e-02 -1.421615387699864674e-01 0.000000000000000000e+00
6.319150054600201905e-02 -1.455198850128906485e-01 0.000000000000000000e+00
6.466864116501444548e-02 -1.493121712884830088e-01 0.000000000000000000e+00
6.662756930920128717e-02 -1.535149389130093522e-01 0.000000000000000000e+00
6.946172823489962789e-02 -1.581528858481305588e-01 0.000000000000000000e+00
7.375634880124483372e-02 -1.633918201402553838e-01 0.000000000000000000e+00
8.004222313384780352e-02 -1.696095898061426577e-01 0.000000000000000000e+00
8.857335787547949979e-02 -1.773876289597034195e-01 0.000000000000000000e+00
8.697310270913215235e-02 -1.617656240250739119e-01 0.000000000000000000e+00
8.704536336674639774e-02 -1.474770282823870682e-01 0.000000000000000000e+00
8.765768339096881301e-02 -1.341562686911081104e-01 0.000000000000000000e+00
8.983322398724878644e-02 -1.212368932098495805e-01 0.000000000000000000e+00
9.191282717668963764e-02 -1.088709525219345581e-01 0.000000000000000000e+00
9.369095845843941617e-02 -9.703153985030985029e-02 0.000000000000000000e+00
9.516069635428571483e-02 -8.564769824175551272e-02 0.000000000000000000e+00
9.631638164537278946e-02 -7.463168354898779000e-02 0.000000000000000000e+00
9.716517108890235233e-02 -6.386419048121805275e-02 0.000000000000000000e+00
9.771878544593649851e-02 -5.320319557644048736e-02 0.000000000000000000e+00
9.795058282191605736e-02 -4.251616042190969197e-02 0.000000000000000000e+00
9.774060993655539487e-02 -3.173033061595628701e-02 0.000000000000000000e+00
9.688405663621943442e-02 -2.087282762101097533e-02 0.000000000000000000e+00
9.522469687649989800e-02 -1.004015851717929286e-02 0.000000000000000000e+00
9.276490389885162779e-02 7.137866208442953525e-04 0.000000000000000000e+00
8.965440972580608625e-02 1.144740933182261146e-02 0.000000000000000000e+00
8.615115557905994592e-02 2.229969678813874950e-02 0.000000000000000000e+00
8.257112895169389788e-02 3.343260903693182073e-02 0.000000000000000000e+00
7.923739059582773914e-02 4.498797240950282161e-02 0.000000000000000000e+00
7.644109998097677050e-02 5.706212040618609260e-02 0.000000000000000000e+00
7.441825292147213888e-02 6.969473428408778926e-02 0.000000000000000000e+00
7.334063134909202253e-02 8.287273109326373510e-02 0.000000000000000000e+00
7.332330368419673339e-02 9.655810164619184344e-02 0.000000000000000000e+00
7.445050599200293828e-02 1.107505875478581314e-01 0.000000000000000000e+00
7.681034997801480801e-02 1.255820527482768845e-01 0.000000000000000000e+00
8.052501267061983048e-02 1.414042515349660245e-01 0.000000000000000000e+00
8.578314502479483794e-02 1.587726051994601539e-01 0.000000000000000000e+00
8.038604893889619851e-02 1.527777187293076766e-01 0.000000000000000000e+00
7.621994237042604980e-02 1.482092157368609664e-01 0.000000000000000000e+00
7.081531135905716479e-02 1.429823792440752528e-01 0.000000000000000000e+00
6.792807442256822148e-02 1.397378257544294178e-01 0.000000000000000000e+00
6.603519935043469791e-02 1.374440645899332458e-01 0.000000000000000000e+00
6.440597327848718301e-02 1.354499487763486110e-01 0.000000000000000000e+00
6.283547776299838739e-02 1.337359315552075489e-01 0.000000000000000000e+00
6.140994634932133572e-02 1.324293628117344801e-01 0.000000000000000000e+00
6.019834675317133066e-02 1.316041779919368826e-01 0.000000000000000000e+00
5.929908147030089893e-02 1.312917586695180883e-01 0.000000000000000000e+00
5.874256101129562285e-02 1.314873093620270161e-01 0.000000000000000000e+00
5.855382932309445565e-02 1.321858048492148274e-01 0.000000000000000000e+00
5.873109394449483461e-02 1.333864303113641292e-01 0.000000000000000000e+00
5.925102094714568973e-02 1.350956982407481854e-01 0.000000000000000000e+00
6.006887323246182936e-02 1.373225597035810375e-01 0.000000000000000000e+00
6.112591416920888643e-02 1.400687248339148872e-01 0.000000000000000000e+00
6.237877406726047985e-02 1.433180653356489753e-01 0.000000000000000000e+00
6.385816077599061613e-02 1.470321645496803220e-01 0.000000000000000000e+00
6.575395659043878349e-02 1.511657098165284374e-01 0.000000000000000000e+00
6.848494939394902947e-02 1.557177127391585758e-01 0.000000000000000000e+00
7.270163998150691587e-02 1.608272304929891927e-01 0.000000000000000000e+00
7.941319657939223398e-02 1.669212532172540397e-01 0.000000000000000000e+00
8.827406923653235982e-02 1.744689125032244659e-01 0.000000000000000000e+00
8.662839438618642751e-02 1.588716739962344471e-01 0.000000000000000000e+00
8.692807852336167929e-02 1.445987348179925414e-01 0.000000000000000000e+00
8.686533933632117899e-02 1.312806204366236129e-01 0.000000000000000000e+00
8.757626136064296241e-02 1.185594805384740241e-01 0.000000000000000000e+00
9.031202570091553805e-02 1.061596601508479620e-01 0.000000000000000000e+00
9.199500328661104620e-02 9.435080610806151347e-02 0.000000000000000000e+00
9.395630046562437887e-02 8.289259685588599991e-02 0.000000000000000000e+00
9.457175780441107182e-02 7.204672966047769023e-02 0.000000000000000000e+00
9.625971469302405104e-02 6.117038185935060740e-02 0.000000000000000000e+00
9.707521669131631559e-02 5.050815291725391232e-02 0.000000000000000000e+00
9.536971977772604192e-02 4.021083308654027633e-02 0.000000000000000000e+00
9.562623630178240797e-02 2.944775763202426774e-02 0.000000000000000000e+00
9.466513022159776802e-02 1.866656002276891047e-02 0.000000000000000000e+00
9.394815202750222971e-02 7.695086184265589185e-03 0.000000000000000000e+00
8.901669753895595505e-02 -2.652696471086225111e-03 0.000000000000000000e+00
8.562678175175079953e-02 -1.315805667309387535e-02 0.000000000000000000e+00
8.356787901017116715e-02 -2.410994068918842492e-02 0.000000000000000000e+00
7.906020189575069246e-02 -3.486781010277469062e-02 0.000000000000000000e+00
7.522789235373238126e-02 -4.620496964816328545e-02 0.000000000000000000e+00
7.363669831639955976e-02 -5.824672962781962671e-02 0.000000000000000000e+00
7.350357744383130554e-02 -7.090652949142960126e-02 0.000000000000000000e+00
7.048809713107498376e-02 -8.379128127807604354e-02 0.000000000000000000e+00
7.010275229477022640e-02 -9.735165866847786398e-02 0.000000000000000000e+00
7.198685382319816584e-02 -1.116561029192903315e-01 0.000000000000000000e+00
7.266777771525946561e-02 -1.260115039195956743e-01 0.000000000000000000e+00
7.384984537254406234e-02 -1.411455259169621113e-01 0.000000000000000000e+00
7.936637953859303207e-02 -1.582495700961299989e-01 0.000000000000000000e+00
7.473723437619590737e-02 -1.521685345854902338e-01 0.000000000000000000e+00
7.093329399148931569e-02 -1.474634074770221903e-01 0.000000000000000000e+00
6.598171197524987930e-02 -1.436446518272736506e-01 0.000000000000000000e+00
