6.479871019999999815e-02 1.024999999999999939e-01 1.584200000000000053e-01
6.479871019999999815e-02 1.024999999999999939e-01 1.584200000000000053e-01
6.479871019999999815e-02 1.024999999999999939e-01 1.584200000000000053e-01
6.479871019999999815e-02 1.024999999999999939e-01 1.584200000000000053e-01
6.479871019999999815e-02 1.024999999999999939e-01 1.584200000000000053e-01
6.479871019999999815e-02 1.024999999999999939e-01 1.584200000000000053e-01
6.479871019999999815e-02 1.024999999999999939e-01 1.584200000000000053e-01
6.479871019999999815e-02 1.024999999999999939e-01 1.584200000000000053e-01
6.479871019999999815e-02 1.024999999999999939e-01 1.584200000000000053e-01
6.479871019999999815e-02 1.024999999999999939e-01 1.584200000000000053e-01
6.479871019999999815e-02 1.024999999999999939e-01 1.584200000000000053e-01
6.479871019999999815e-02 1.024999999999999939e-01 1.584200000000000053e-01
6.479871019999999815e-02 1.024999999999999939e-01 1.584200000000000053e-01
6.479871019999999815e-02 1.024999999999999939e-01 1.584200000000000053e-01
6.479871019999999815e-02 1.024999999999999939e-01 1.584200000000000053e-01
6.479871019999999815e-02 1.024999999999999939e-01 1.584200000000000053e-01
6.479871019999999815e-02 1.024999999999999939e-01 1.584200000000000053e-01
6.479871019999999815e-02 1.024999999999999939e-01 1.584200000000000053e-01
6.479871019999999815e-02 1.024999999999999939e-01 1.584200000000000053e-01
6.479871019999999815e-02 1.024999999999999939e-01 1.584200000000000053e-01
6.483388532080365529e-02 1.024999999999999939e-01 1.585002370370370561e-01
6.506590298299101682e-02 1.024999999999999939e-01 1.589964740740740790e-01
6.565386524068798912e-02 1.024999999999999939e-01 1.601576000000000111e-01
6.671839365120869891e-02 1.024999999999999939e-01 1.620760592592592753e-01
6.834458931327161424e-02 1.024999999999999939e-01 1.647162962962963051e-01
7.058499290521599856e-02 1.024999999999999939e-01 1.679432000000000147e-01
7.346254472321817053e-02 1.024999999999999939e-01 1.715505481481481576e-01
7.697354471950776378e-02 1.024999999999999939e-01 1.752894518518518518e-01
8.109061254058400059e-02 1.024999999999999939e-01 1.788967999999999947e-01
8.576564756543210433e-02 1.024999999999999939e-01 1.821237037037036766e-01
9.093278894373946208e-02 1.024999999999999939e-01 1.847639407407407341e-01
9.651137563411199549e-02 1.024999999999999939e-01 1.866823999999999983e-01
1.024089064422904483e-01 1.024999999999999939e-01 1.878435259259259027e-01
1.085240000593667153e-01 1.024999999999999939e-01 1.883397629629629255e-01
1.147493550999999778e-01 1.024999999999999939e-01 1.884199999999999486e-01
1.209747101406332681e-01 1.024999999999999939e-01 1.884200000000000041e-01
1.270898037577095352e-01 1.024999999999999939e-01 1.883220497411792760e-01
1.329873345658879880e-01 1.024999999999999939e-01 1.877220765157374960e-01
1.385659212562605214e-01 1.024999999999999939e-01 1.863356006425894162e-01
1.437330626345678375e-01 1.024999999999999939e-01 1.840789516272981485e-01
1.484080976594158996e-01 1.024999999999999939e-01 1.810291063247456422e-01
1.525251654804921642e-01 1.024999999999999939e-01 1.773835271018028292e-01
1.560361654767818407e-01 1.024999999999999939e-01 1.734200000000000186e-01
1.589137172947839849e-01 1.024999999999999939e-01 1.694564728981972079e-01
1.611541208867282859e-01 1.024999999999999939e-01 1.658108936752543672e-01
1.627803165487911874e-01 1.024999999999999939e-01 1.627610483727018886e-01
1.638448449593119249e-01 1.024999999999999939e-01 1.605043993574106209e-01
1.644328072170088417e-01 1.024999999999999939e-01 1.591179234842625412e-01
1.646648248791961200e-01 1.024999999999999939e-01 1.585179502588207612e-01
1.646999999999998743e-01 1.024999999999999939e-01 1.584200000000000330e-01
1.651299999999999990e-01 1.024999999999999939e-01 1.584200000000000053e-01
1.651299999999999990e-01 1.024999999999999939e-01 1.584200000000000053e-01
1.651299999999999990e-01 1.024999999999999939e-01 1.584200000000000053e-01
1.651299999999999990e-01 1.024999999999999939e-01 1.584200000000000053e-01
1.651299999999999990e-01 1.024999999999999939e-01 1.584200000000000053e-01
1.651299999999999990e-01 1.024999999999999939e-01 1.584200000000000053e-01
1.651299999999999990e-01 1.024999999999999939e-01 1.584200000000000053e-01
1.651299999999999990e-01 1.024999999999999939e-01 1.584200000000000053e-01
1.651299999999999990e-01 1.024999999999999939e-01 1.584200000000000053e-01
1.651299999999999990e-01 1.024999999999999939e-01 1.584200000000000053e-01
1.651299999999999990e-01 1.024999999999999939e-01 1.584200000000000053e-01
1.651299999999999990e-01 1.024999999999999939e-01 1.584200000000000053e-01
1.651299999999999990e-01 1.024999999999999939e-01 1.584200000000000053e-01
1.651299999999999990e-01 1.024999999999999939e-01 1.584200000000000053e-01
1.651299999999999990e-01 1.024999999999999939e-01 1.584200000000000053e-01
1.651299999999999990e-01 1.024999999999999939e-01 1.584200000000000053e-01
1.651299999999999990e-01 1.024999999999999939e-01 1.584200000000000053e-01
1.651299999999999990e-01 1.024999999999999939e-01 1.584200000000000053e-01
1.651299999999999990e-01 1.024999999999999939e-01 1.584200000000000053e-01
1.651299999999999990e-01 1.024999999999999939e-01 1.584200000000000053e-01
1.651299999999999990e-01 1.024999999999999939e-01 1.584200000000000053e-01
1.651299999999999990e-01 1.024999999999999939e-01 1.584200000000000053e-01
1.651299999999999990e-01 1.024999999999999939e-01 1.584200000000000053e-01
1.651299999999999990e-01 1.024999999999999939e-01 1.584200000000000053e-01
1.651299999999999990e-01 1.024999999999999939e-01 1.584200000000000053e-01
1.651299999999999990e-01 1.024999999999999939e-01 1.584200000000000053e-01
1.651299999999999990e-01 1.024999999999999939e-01 1.584200000000000053e-01
1.651299999999999990e-01 1.024999999999999939e-01 1.584200000000000053e-01
1.651299999999999990e-01 1.024999999999999939e-01 1.584200000000000053e-01
1.651299999999999990e-01 1.024999999999999939e-01 1.584200000000000053e-01
1.651299999999999990e-01 1.024999999999999939e-01 1.584200000000000053e-01
1.651299999999999990e-01 1.024999999999999939e-01 1.584200000000000053e-01
1.651299999999999990e-01 1.024999999999999939e-01 1.584200000000000053e-01
1.651299999999999990e-01 1.024999999999999939e-01 1.584200000000000053e-01
1.651299999999999990e-01 1.024999999999999939e-01 1.584200000000000053e-01
1.651299999999999990e-01 1.024999999999999939e-01 1.584200000000000053e-01
1.651299999999999990e-01 1.024999999999999939e-01 1.584200000000000053e-01
1.651299999999999990e-01 1.024999999999999939e-01 1.584200000000000053e-01
1.651299999999999990e-01 1.024999999999999939e-01 1.584200000000000053e-01
1.651299999999999990e-01 1.024999999999999939e-01 1.584200000000000053e-01
1.651299999999999990e-01 1.024999999999999939e-01 1.584200000000000053e-01
1.651299999999999990e-01 1.024999999999999939e-01 1.584200000000000053e-01
1.651299999999999990e-01 1.024999999999999939e-01 1.584200000000000053e-01
1.651299999999999990e-01 1.024999999999999939e-01 1.584200000000000053e-01
1.651299999999999990e-01 1.024999999999999939e-01 1.584200000000000053e-01
1.651299999999999990e-01 1.024999999999999939e-01 1.584200000000000053e-01
1.651299999999999990e-01 1.024999999999999939e-01 1.584200000000000053e-01
1.651299999999999990e-01 1.024999999999999939e-01 1.584200000000000053e-01
1.651299999999999990e-01 1.024999999999999939e-01 1.584200000000000053e-01
1.651299999999999990e-01 1.024999999999999939e-01 1.584200000000000053e-01
1.644674204000000362e-01 1.024999999999999939e-01 1.584200000000000053e-01
1.644674204000000362e-01 1.024999999999999939e-01 1.584200000000000053e-01
1.644674204000000362e-01 1.024999999999999939e-01 1.584200000000000053e-01
1.644674204000000362e-01 1.024999999999999939e-01 1.584200000000000053e-01
1.644674204000000362e-01 1.024999999999999939e-01 1.584200000000000053e-01
1.644674204000000362e-01 1.024999999999999939e-01 1.584200000000000053e-01
1.644674204000000362e-01 1.024999999999999939e-01 1.584200000000000053e-01
1.644674204000000362e-01 1.024999999999999939e-01 1.584200000000000053e-01
1.644674204000000362e-01 1.024999999999999939e-01 1.584200000000000053e-01
1.644674204000000362e-01 1.024999999999999939e-01 1.584200000000000053e-01
1.644674204000000362e-01 1.024999999999999939e-01 1.584200000000000053e-01
1.644674204000000362e-01 1.024999999999999939e-01 1.584200000000000053e-01
1.644674204000000362e-01 1.024999999999999939e-01 1.584200000000000053e-01
1.644674204000000362e-01 1.024999999999999939e-01 1.584200000000000053e-01
1.644674204000000362e-01 1.024999999999999939e-01 1.584200000000000053e-01
1.644674204000000362e-01 1.024999999999999939e-01 1.584200000000000053e-01
1.644674204000000362e-01 1.024999999999999939e-01 1.584200000000000053e-01
1.644674204000000362e-01 1.024999999999999939e-01 1.584200000000000053e-01
1.644674204000000362e-01 1.024999999999999939e-01 1.584200000000000053e-01
1.650023339802469402e-01 1.024999999999999939e-01 1.589964740740740790e-01
1.661794204000000275e-01 1.024999999999999939e-01 1.601576000000000111e-01
1.683105808938271941e-01 1.024999999999999939e-01 1.620760592592592753e-01
1.715661858320987887e-01 1.024999999999999939e-01 1.647162962962963051e-01
1.760514204000000194e-01 1.024999999999999939e-01 1.679432000000000147e-01
1.818122105234568076e-01 1.024999999999999939e-01 1.715505481481481576e-01
1.888411487950617529e-01 1.024999999999999939e-01 1.752894518518518518e-01
1.970834204000000422e-01 1.024999999999999939e-01 1.788967999999999947e-01
2.064427290419753036e-01 1.024999999999999939e-01 1.821237037037036766e-01
2.167872228691358205e-01 1.024999999999999939e-01 1.847639407407407341e-01
2.279554203999999973e-01 1.024999999999999939e-01 1.866823999999999983e-01
2.397621364493827123e-01 1.024999999999999939e-01 1.878435259259259027e-01
2.520044080543209497e-01 1.024999999999999939e-01 1.883397629629629255e-01
2.644674203999999307e-01 1.024999999999999939e-01 1.884199999999999486e-01
2.769304327456789672e-01 1.024999999999999939e-01 1.884200000000000041e-01
2.891727043506172046e-01 1.024999999999999939e-01 1.883220497411792760e-01
3.009794203999999196e-01 1.024999999999999939e-01 1.877220765157374960e-01
3.121476179308641519e-01 1.024999999999999939e-01 1.863356006425894162e-01
3.224921117580245578e-01 1.024999999999999939e-01 1.840789516272981485e-01
3.318514203999998746e-01 1.024999999999999939e-01 1.810291063247456422e-01
3.400936920049381085e-01 1.024999999999999939e-01 1.773835271018028292e-01
3.471226302765430538e-01 1.024999999999999939e-01 1.734200000000000186e-01
3.528834203999998143e-01 1.024999999999999939e-01 1.694564728981972079e-01
3.573686549679009339e-01 1.024999999999999939e-01 1.658108936752543672e-01
3.606242599061726395e-01 1.024999999999999939e-01 1.627610483727018886e-01
3.627554203999997506e-01 1.024999999999999939e-01 1.605043993574106209e-01
3.639325068197525326e-01 1.024999999999999939e-01 1.591179234842625412e-01
3.643970006469132716e-01 1.024999999999999939e-01 1.585179502588207612e-01
3.644674203999991313e-01 1.024999999999999939e-01 1.584200000000000330e-01
3.644674204000000195e-01 1.024999999999999939e-01 1.584200000000000053e-01
3.644674204000000195e-01 1.024999999999999939e-01 1.584200000000000053e-01
3.644674204000000750e-01 1.024999999999999939e-01 1.584200000000000053e-01
3.644674204000000750e-01 1.024999999999999939e-01 1.584200000000000053e-01
3.644674204000000750e-01 1.024999999999999939e-01 1.584200000000000053e-01
3.644674204000000750e-01 1.024999999999999939e-01 1.584200000000000053e-01
3.644674204000000750e-01 1.024999999999999939e-01 1.584200000000000053e-01
3.644674204000000750e-01 1.024999999999999939e-01 1.584200000000000053e-01
3.644674204000000750e-01 1.024999999999999939e-01 1.584200000000000053e-01
3.644674204000000750e-01 1.024999999999999939e-01 1.584200000000000053e-01
3.644674204000000750e-01 1.024999999999999939e-01 1.584200000000000053e-01
3.644674204000000750e-01 1.024999999999999939e-01 1.584200000000000053e-01
3.644674204000000750e-01 1.024999999999999939e-01 1.584200000000000053e-01
3.644674204000000750e-01 1.024999999999999939e-01 1.584200000000000053e-01
3.644674204000000750e-01 1.024999999999999939e-01 1.584200000000000053e-01
3.644674204000000750e-01 1.024999999999999939e-01 1.584200000000000053e-01
3.644674204000000750e-01 1.024999999999999939e-01 1.584200000000000053e-01
3.644674204000000750e-01 1.024999999999999939e-01 1.584200000000000053e-01
3.644674204000000750e-01 1.024999999999999939e-01 1.584200000000000053e-01
3.644674204000000750e-01 1.024999999999999939e-01 1.584200000000000053e-01
3.644674204000000750e-01 1.024999999999999939e-01 1.584200000000000053e-01
3.644674204000000750e-01 1.024999999999999939e-01 1.584200000000000053e-01
3.644674204000000750e-01 1.024999999999999939e-01 1.584200000000000053e-01
3.644674204000000750e-01 1.024999999999999939e-01 1.584200000000000053e-01
3.644674204000000750e-01 1.024999999999999939e-01 1.584200000000000053e-01
3.644674204000000750e-01 1.024999999999999939e-01 1.584200000000000053e-01
3.644674204000000750e-01 1.024999999999999939e-01 1.584200000000000053e-01
3.644674204000000750e-01 1.024999999999999939e-01 1.584200000000000053e-01
3.644674204000000750e-01 1.024999999999999939e-01 1.584200000000000053e-01
3.644674204000000750e-01 1.024999999999999939e-01 1.584200000000000053e-01
3.644674204000000750e-01 1.024999999999999939e-01 1.584200000000000053e-01
3.644674204000000750e-01 1.024999999999999939e-01 1.584200000000000053e-01
3.644674204000000750e-01 1.024999999999999939e-01 1.584200000000000053e-01
3.644674204000000750e-01 1.024999999999999939e-01 1.584200000000000053e-01
3.644674204000000750e-01 1.024999999999999939e-01 1.584200000000000053e-01
3.644674204000000750e-01 1.024999999999999939e-01 1.584200000000000053e-01
3.644674204000000750e-01 1.024999999999999939e-01 1.584200000000000053e-01
3.644674204000000750e-01 1.024999999999999939e-01 1.584200000000000053e-01
3.644674204000000750e-01 1.024999999999999939e-01 1.584200000000000053e-01
3.644674204000000750e-01 1.024999999999999939e-01 1.584200000000000053e-01
3.644674204000000750e-01 1.024999999999999939e-01 1.584200000000000053e-01
3.644674204000000750e-01 1.024999999999999939e-01 1.584200000000000053e-01
3.644674204000000750e-01 1.024999999999999939e-01 1.584200000000000053e-01
3.644674204000000750e-01 1.024999999999999939e-01 1.584200000000000053e-01
3.644674204000000750e-01 1.024999999999999939e-01 1.584200000000000053e-01
3.644674204000000750e-01 1.024999999999999939e-01 1.584200000000000053e-01
3.644674204000000750e-01 1.024999999999999939e-01 1.584200000000000053e-01
3.644674204000000750e-01 1.024999999999999939e-01 1.584200000000000053e-01
3.644674204000000750e-01 1.024999999999999939e-01 1.584200000000000053e-01
3.644674204000000750e-01 1.024999999999999939e-01 1.584200000000000053e-01
3.644674204000000750e-01 1.024999999999999939e-01 1.584200000000000053e-01
3.644674204000000750e-01 1.024999999999999939e-01 1.584200000000000053e-01
3.638048408000000844e-01 1.024999999999999939e-01 1.584200000000000053e-01
3.638048408000000844e-01 1.024999999999999939e-01 1.584200000000000053e-01
3.638048408000000844e-01 1.024999999999999939e-01 1.584200000000000053e-01
3.638048408000000844e-01 1.024999999999999939e-01 1.584200000000000053e-01
3.638048408000000844e-01 1.024999999999999939e-01 1.584200000000000053e-01
3.638048408000000844e-01 1.024999999999999939e-01 1.584200000000000053e-01
3.638048408000000844e-01 1.024999999999999939e-01 1.584200000000000053e-01
3.638048408000000844e-01 1.024999999999999939e-01 1.584200000000000053e-01
3.638048408000000844e-01 1.024999999999999939e-01 1.584200000000000053e-01
3.638048408000000844e-01 1.024999999999999939e-01 1.584200000000000053e-01
3.638048408000000844e-01 1.024999999999999939e-01 1.584200000000000053e-01
3.638048408000000844e-01 1.024999999999999939e-01 1.584200000000000053e-01
3.638048408000000844e-01 1.024999999999999939e-01 1.584200000000000053e-01
3.638048408000000844e-01 1.024999999999999939e-01 1.584200000000000053e-01
3.638048408000000844e-01 1.024999999999999939e-01 1.584200000000000053e-01
3.638048408000000844e-01 1.024999999999999939e-01 1.584200000000000053e-01
3.638048408000000844e-01 1.024999999999999939e-01 1.584200000000000053e-01
3.638048408000000844e-01 1.024999999999999939e-01 1.584200000000000053e-01
3.638048408000000844e-01 1.024999999999999939e-01 1.584200000000000053e-01
3.643397543802470162e-01 1.024999999999999939e-01 1.589964740740740790e-01
3.655168408000000757e-01 1.024999999999999939e-01 1.601576000000000111e-01
