6.479871019999999815e-02 -1.024999999999999939e-01 1.584200000000000000e-01
6.479871019999999815e-02 -1.024999999999999939e-01 1.584200000000000000e-01
6.479871019999999815e-02 -1.024999999999999939e-01 1.584200000000000000e-01
6.479871019999999815e-02 -1.024999999999999939e-01 1.584200000000000000e-01
6.479871019999999815e-02 -1.024999999999999939e-01 1.584200000000000000e-01
6.479871019999999815e-02 -1.024999999999999939e-01 1.584200000000000000e-01
6.479871019999999815e-02 -1.024999999999999939e-01 1.584200000000000000e-01
6.479871019999999815e-02 -1.024999999999999939e-01 1.584200000000000000e-01
6.479871019999999815e-02 -1.024999999999999939e-01 1.584200000000000000e-01
6.479871019999999815e-02 -1.024999999999999939e-01 1.584200000000000000e-01
6.479871019999999815e-02 -1.024999999999999939e-01 1.584200000000000000e-01
6.479871019999999815e-02 -1.024999999999999939e-01 1.584200000000000000e-01
6.479871019999999815e-02 -1.024999999999999939e-01 1.584200000000000000e-01
6.479871019999999815e-02 -1.024999999999999939e-01 1.584200000000000000e-01
6.479871019999999815e-02 -1.024999999999999939e-01 1.584200000000000000e-01
6.479871019999999815e-02 -1.024999999999999939e-01 1.584200000000000000e-01
6.479871019999999815e-02 -1.024999999999999939e-01 1.584200000000000000e-01
6.479871019999999815e-02 -1.024999999999999939e-01 1.584200000000000000e-01
6.479871019999999815e-02 -1.024999999999999939e-01 1.584200000000000000e-01
6.479871019999999815e-02 -1.024999999999999939e-01 1.584200000000000000e-01
6.479871019999999815e-02 -1.024999999999999939e-01 1.584200000000000000e-01
6.479871019999999815e-02 -1.024999999999999939e-01 1.584200000000000000e-01
6.479871019999999815e-02 -1.024999999999999939e-01 1.584200000000000000e-01
6.479871019999999815e-02 -1.024999999999999939e-01 1.584200000000000000e-01
6.479871019999999815e-02 -1.024999999999999939e-01 1.584200000000000000e-01
6.479871019999999815e-02 -1.024999999999999939e-01 1.584200000000000000e-01
6.479871019999999815e-02 -1.024999999999999939e-01 1.584200000000000000e-01
6.479871019999999815e-02 -1.024999999999999939e-01 1.584200000000000000e-01
6.479871019999999815e-02 -1.024999999999999939e-01 1.584200000000000000e-01
6.479871019999999815e-02 -1.024999999999999939e-01 1.584200000000000000e-01
6.479871019999999815e-02 -1.024999999999999939e-01 1.584200000000000000e-01
6.479871019999999815e-02 -1.024999999999999939e-01 1.584200000000000000e-01
6.479871019999999815e-02 -1.024999999999999939e-01 1.584200000000000000e-01
6.479871019999999815e-02 -1.024999999999999939e-01 1.584200000000000000e-01
6.479871019999999815e-02 -1.024999999999999939e-01 1.584200000000000000e-01
6.479871019999999815e-02 -1.024999999999999939e-01 1.584200000000000000e-01
6.479871019999999815e-02 -1.024999999999999939e-01 1.584200000000000000e-01
6.479871019999999815e-02 -1.024999999999999939e-01 1.584200000000000000e-01
6.479871019999999815e-02 -1.024999999999999939e-01 1.584200000000000000e-01
6.479871019999999815e-02 -1.024999999999999939e-01 1.584200000000000000e-01
6.479871019999999815e-02 -1.024999999999999939e-01 1.584200000000000000e-01
6.479871019999999815e-02 -1.024999999999999939e-01 1.584200000000000000e-01
6.479871019999999815e-02 -1.024999999999999939e-01 1.584200000000000000e-01
6.479871019999999815e-02 -1.024999999999999939e-01 1.584200000000000000e-01
6.479871019999999815e-02 -1.024999999999999939e-01 1.584200000000000000e-01
6.479871019999999815e-02 -1.024999999999999939e-01 1.584200000000000000e-01
6.479871019999999815e-02 -1.024999999999999939e-01 1.584200000000000000e-01
6.479871019999999815e-02 -1.024999999999999939e-01 1.584200000000000000e-01
6.479871019999999815e-02 -1.024999999999999939e-01 1.584200000000000000e-01
6.479871019999999815e-02 -1.024999999999999939e-01 1.584200000000000000e-01
6.479871019999999815e-02 -1.024999999999999939e-01 1.584200000000000000e-01
6.479871019999999815e-02 -1.024999999999999939e-01 1.584200000000000000e-01
6.479871019999999815e-02 -1.024999999999999939e-01 1.584200000000000000e-01
6.479871019999999815e-02 -1.024999999999999939e-01 1.584200000000000000e-01
6.479871019999999815e-02 -1.024999999999999939e-01 1.584200000000000000e-01
6.479871019999999815e-02 -1.024999999999999939e-01 1.584200000000000000e-01
6.479871019999999815e-02 -1.024999999999999939e-01 1.584200000000000000e-01
6.479871019999999815e-02 -1.024999999999999939e-01 1.584200000000000000e-01
6.479871019999999815e-02 -1.024999999999999939e-01 1.584200000000000000e-01
6.479871019999999815e-02 -1.024999999999999939e-01 1.584200000000000000e-01
6.479871019999999815e-02 -1.024999999999999939e-01 1.584200000000000000e-01
6.479871019999999815e-02 -1.024999999999999939e-01 1.584200000000000000e-01
6.479871019999999815e-02 -1.024999999999999939e-01 1.584200000000000000e-01
6.479871019999999815e-02 -1.024999999999999939e-01 1.584200000000000000e-01
6.479871019999999815e-02 -1.024999999999999939e-01 1.584200000000000000e-01
6.479871019999999815e-02 -1.024999999999999939e-01 1.584200000000000000e-01
6.479871019999999815e-02 -1.024999999999999939e-01 1.584200000000000000e-01
6.479871019999999815e-02 -1.024999999999999939e-01 1.584200000000000000e-01
6.479871019999999815e-02 -1.024999999999999939e-01 1.584200000000000000e-01
6.533362378024692996e-02 -1.024999999999999939e-01 1.589964740740740790e-01
6.651071020000000333e-02 -1.024999999999999939e-01 1.601576000000000111e-01
6.864187069382715611e-02 -1.024999999999999939e-01 1.620760592592592753e-01
7.189747563209876458e-02 -1.024999999999999939e-01 1.647162962962963051e-01
7.638271020000000910e-02 -1.024999999999999939e-01 1.679432000000000147e-01
8.214350032345679731e-02 -1.024999999999999939e-01 1.715505481481481576e-01
8.917243859506172876e-02 -1.024999999999999939e-01 1.752894518518518518e-01
9.741471020000000425e-02 -1.024999999999999939e-01 1.788967999999999947e-01
1.067740188419752934e-01 -1.024999999999999939e-01 1.821237037037036766e-01
1.171185126691357825e-01 -1.024999999999999939e-01 1.847639407407407341e-01
1.282867101999999870e-01 -1.024999999999999939e-01 1.866823999999999983e-01
1.400934262493827021e-01 -1.024999999999999939e-01 1.878435259259259027e-01
1.523356978543209395e-01 -1.024999999999999939e-01 1.883397629629629255e-01
1.647987101999999204e-01 -1.024999999999999939e-01 1.884199999999999486e-01
1.772617225456789014e-01 -1.024999999999999939e-01 1.884200000000000041e-01
1.895039941506171943e-01 -1.024999999999999939e-01 1.883220497411792760e-01
2.013107101999999093e-01 -1.024999999999999939e-01 1.877220765157374960e-01
2.124789077308641416e-01 -1.024999999999999939e-01 1.863356006425894162e-01
2.228234015580245475e-01 -1.024999999999999939e-01 1.840789516272981485e-01
2.321827101999998644e-01 -1.024999999999999939e-01 1.810291063247456422e-01
2.404249818049380982e-01 -1.024999999999999939e-01 1.773835271018028292e-01
2.474539200765430436e-01 -1.024999999999999939e-01 1.734200000000000186e-01
2.532147101999998040e-01 -1.024999999999999939e-01 1.694564728981972079e-01
2.576999447679009236e-01 -1.024999999999999939e-01 1.658108936752543672e-01
2.609555497061726292e-01 -1.024999999999999939e-01 1.627610483727018886e-01
2.630867101999997404e-01 -1.024999999999999939e-01 1.605043993574106209e-01
2.642637966197525223e-01 -1.024999999999999939e-01 1.591179234842625412e-01
2.647282904469132614e-01 -1.024999999999999939e-01 1.585179502588207612e-01
2.647987102000000093e-01 -1.024999999999999939e-01 1.584200000000000000e-01
2.647987102000000093e-01 -1.024999999999999939e-01 1.584200000000000000e-01
2.647987102000000093e-01 -1.024999999999999939e-01 1.584200000000000000e-01
2.647987102000000093e-01 -1.024999999999999939e-01 1.584200000000000000e-01
2.647987102000000093e-01 -1.024999999999999939e-01 1.584200000000000000e-01
2.647987102000000093e-01 -1.024999999999999939e-01 1.584200000000000000e-01
2.647987102000000093e-01 -1.024999999999999939e-01 1.584200000000000000e-01
2.647987102000000093e-01 -1.024999999999999939e-01 1.584200000000000000e-01
2.647987102000000093e-01 -1.024999999999999939e-01 1.584200000000000000e-01
2.647987102000000093e-01 -1.024999999999999939e-01 1.584200000000000000e-01
2.647987102000000093e-01 -1.024999999999999939e-01 1.584200000000000000e-01
2.647987102000000093e-01 -1.024999999999999939e-01 1.584200000000000000e-01
2.647987102000000093e-01 -1.024999999999999939e-01 1.584200000000000000e-01
2.647987102000000093e-01 -1.024999999999999939e-01 1.584200000000000000e-01
2.647987102000000093e-01 -1.024999999999999939e-01 1.584200000000000000e-01
2.647987102000000093e-01 -1.024999999999999939e-01 1.584200000000000000e-01
2.647987102000000093e-01 -1.024999999999999939e-01 1.584200000000000000e-01
2.647987102000000093e-01 -1.024999999999999939e-01 1.584200000000000000e-01
2.647987102000000093e-01 -1.024999999999999939e-01 1.584200000000000000e-01
2.647987102000000093e-01 -1.024999999999999939e-01 1.584200000000000000e-01
2.647987102000000093e-01 -1.024999999999999939e-01 1.584200000000000000e-01
2.647987102000000093e-01 -1.024999999999999939e-01 1.584200000000000000e-01
2.647987102000000093e-01 -1.024999999999999939e-01 1.584200000000000000e-01
2.647987102000000093e-01 -1.024999999999999939e-01 1.584200000000000000e-01
2.647987102000000093e-01 -1.024999999999999939e-01 1.584200000000000000e-01
2.647987102000000093e-01 -1.024999999999999939e-01 1.584200000000000000e-01
2.647987102000000093e-01 -1.024999999999999939e-01 1.584200000000000000e-01
2.647987102000000093e-01 -1.024999999999999939e-01 1.584200000000000000e-01
2.647987102000000093e-01 -1.024999999999999939e-01 1.584200000000000000e-01
2.647987102000000093e-01 -1.024999999999999939e-01 1.584200000000000000e-01
2.647987102000000093e-01 -1.024999999999999939e-01 1.584200000000000000e-01
2.647987102000000093e-01 -1.024999999999999939e-01 1.584200000000000000e-01
2.647987102000000093e-01 -1.024999999999999939e-01 1.584200000000000000e-01
2.647987102000000093e-01 -1.024999999999999939e-01 1.584200000000000000e-01
2.647987102000000093e-01 -1.024999999999999939e-01 1.584200000000000000e-01
2.647987102000000093e-01 -1.024999999999999939e-01 1.584200000000000000e-01
2.647987102000000093e-01 -1.024999999999999939e-01 1.584200000000000000e-01
2.647987102000000093e-01 -1.024999999999999939e-01 1.584200000000000000e-01
2.647987102000000093e-01 -1.024999999999999939e-01 1.584200000000000000e-01
2.647987102000000093e-01 -1.024999999999999939e-01 1.584200000000000000e-01
2.647987102000000093e-01 -1.024999999999999939e-01 1.584200000000000000e-01
2.647987102000000093e-01 -1.024999999999999939e-01 1.584200000000000000e-01
2.647987102000000093e-01 -1.024999999999999939e-01 1.584200000000000000e-01
2.647987102000000093e-01 -1.024999999999999939e-01 1.584200000000000000e-01
2.647987102000000093e-01 -1.024999999999999939e-01 1.584200000000000000e-01
2.647987102000000093e-01 -1.024999999999999939e-01 1.584200000000000000e-01
2.647987102000000093e-01 -1.024999999999999939e-01 1.584200000000000000e-01
2.647987102000000093e-01 -1.024999999999999939e-01 1.584200000000000000e-01
2.647987102000000093e-01 -1.024999999999999939e-01 1.584200000000000000e-01
2.647987102000000093e-01 -1.024999999999999939e-01 1.584200000000000000e-01
2.647987102000000093e-01 -1.024999999999999939e-01 1.584200000000000000e-01
2.647987102000000093e-01 -1.024999999999999939e-01 1.584200000000000000e-01
2.647987102000000093e-01 -1.024999999999999939e-01 1.584200000000000000e-01
2.641361306000000742e-01 -1.024999999999999939e-01 1.584200000000000000e-01
2.641361306000000742e-01 -1.024999999999999939e-01 1.584200000000000000e-01
2.641361306000000742e-01 -1.024999999999999939e-01 1.584200000000000000e-01
2.641361306000000742e-01 -1.024999999999999939e-01 1.584200000000000000e-01
2.641361306000000742e-01 -1.024999999999999939e-01 1.584200000000000000e-01
2.641361306000000742e-01 -1.024999999999999939e-01 1.584200000000000000e-01
2.641361306000000742e-01 -1.024999999999999939e-01 1.584200000000000000e-01
2.641361306000000742e-01 -1.024999999999999939e-01 1.584200000000000000e-01
2.641361306000000742e-01 -1.024999999999999939e-01 1.584200000000000000e-01
2.641361306000000742e-01 -1.024999999999999939e-01 1.584200000000000000e-01
2.641361306000000742e-01 -1.024999999999999939e-01 1.584200000000000000e-01
2.641361306000000742e-01 -1.024999999999999939e-01 1.584200000000000000e-01
2.641361306000000742e-01 -1.024999999999999939e-01 1.584200000000000000e-01
2.641361306000000742e-01 -1.024999999999999939e-01 1.584200000000000000e-01
2.641361306000000742e-01 -1.024999999999999939e-01 1.584200000000000000e-01
2.641361306000000742e-01 -1.024999999999999939e-01 1.584200000000000000e-01
2.641361306000000742e-01 -1.024999999999999939e-01 1.584200000000000000e-01
2.641361306000000742e-01 -1.024999999999999939e-01 1.584200000000000000e-01
2.641361306000000742e-01 -1.024999999999999939e-01 1.584200000000000000e-01
2.646710441802470060e-01 -1.024999999999999939e-01 1.589964740740740790e-01
2.658481306000000655e-01 -1.024999999999999939e-01 1.601576000000000111e-01
2.679792910938272321e-01 -1.024999999999999939e-01 1.620760592592592753e-01
2.712348960320988267e-01 -1.024999999999999939e-01 1.647162962962963051e-01
2.757201306000000574e-01 -1.024999999999999939e-01 1.679432000000000147e-01
2.814809207234568733e-01 -1.024999999999999939e-01 1.715505481481481576e-01
2.885098589950617631e-01 -1.024999999999999939e-01 1.752894518518518518e-01
2.967521306000000525e-01 -1.024999999999999939e-01 1.788967999999999947e-01
3.061114392419753694e-01 -1.024999999999999939e-01 1.821237037037036766e-01
3.164559330691358308e-01 -1.024999999999999939e-01 1.847639407407407341e-01
3.276241306000000630e-01 -1.024999999999999939e-01 1.866823999999999983e-01
3.394308466493827225e-01 -1.024999999999999939e-01 1.878435259259259027e-01
3.516731182543210155e-01 -1.024999999999999939e-01 1.883397629629629255e-01
3.641361305999999409e-01 -1.024999999999999939e-01 1.884199999999999486e-01
3.765991429456789774e-01 -1.024999999999999939e-01 1.884200000000000041e-01
3.888414145506172703e-01 -1.024999999999999939e-01 1.883220497411792760e-01
4.006481305999999298e-01 -1.024999999999999939e-01 1.877220765157374960e-01
4.118163281308642176e-01 -1.024999999999999939e-01 1.863356006425894162e-01
4.221608219580246235e-01 -1.024999999999999939e-01 1.840789516272981485e-01
4.315201305999999404e-01 -1.024999999999999939e-01 1.810291063247456422e-01
4.397624022049381187e-01 -1.024999999999999939e-01 1.773835271018028292e-01
4.467913404765431196e-01 -1.024999999999999939e-01 1.734200000000000186e-01
4.525521305999998800e-01 -1.024999999999999939e-01 1.694564728981972079e-01
4.570373651679009441e-01 -1.024999999999999939e-01 1.658108936752543672e-01
4.602929701061726497e-01 -1.024999999999999939e-01 1.627610483727018886e-01
4.624241305999997609e-01 -1.024999999999999939e-01 1.605043993574106209e-01
4.636012170197525428e-01 -1.024999999999999939e-01 1.591179234842625412e-01
4.640657108469132819e-01 -1.024999999999999939e-01 1.585179502588207612e-01
4.641361306000000297e-01 -1.024999999999999939e-01 1.584200000000000000e-01
4.641361306000000297e-01 -1.024999999999999939e-01 1.584200000000000000e-01
4.641361306000000297e-01 -1.024999999999999939e-01 1.584200000000000000e-01
4.641361306000000853e-01 -1.024999999999999939e-01 1.584200000000000000e-01
4.641361306000000853e-01 -1.024999999999999939e-01 1.584200000000000000e-01
4.641361306000000853e-01 -1.024999999999999939e-01 1.584200000000000000e-01
4.641361306000000853e-01 -1.024999999999999939e-01 1.584200000000000000e-01
4.641361306000000853e-01 -1.024999999999999939e-01 1.584200000000000000e-01
4.641361306000000853e-01 -1.024999999999999939e-01 1.584200000000000000e-01
4.641361306000000853e-01 -1.024999999999999939e-01 1.584200000000000000e-01
4.641361306000000853e-01 -1.024999999999999939e-01 1.584200000000000000e-01
4.641361306000000853e-01 -1.024999999999999939e-01 1.584200000000000000e-01
4.641361306000000853e-01 -1.024999999999999939e-01 1.584200000000000000e-01
4.641361306000000853e-01 -1.024999999999999939e-01 1.584200000000000000e-01
4.641361306000000853e-01 -1.024999999999999939e-01 1.584200000000000000e-01
4.641361306000000853e-01 -1.024999999999999939e-01 1.584200000000000000e-01
4.641361306000000853e-01 -1.024999999999999939e-01 1.584200000000000000e-01
4.641361306000000853e-01 -1.024999999999999939e-01 1.584200000000000000e-01
4.641361306000000853e-01 -1.024999999999999939e-01 1.584200000000000000e-01
4.641361306000000853e-01 -1.024999999999999939e-01 1.584200000000000000e-01
4.641361306000000853e-01 -1.024999999999999939e-01 1.584200000000000000e-01
4.641361306000000853e-01 -1.024999999999999939e-01 1.584200000000000000e-01
4.641361306000000853e-01 -1.024999999999999939e-01 1.584200000000000000e-01
4.641361306000000853e-01 -1.024999999999999939e-01 1.584200000000000000e-01