-5.201289999999999906e-03 1.947989999999999999e-01 -1.424999999999999878e-01 1.424999999999999878e-01
-5.201289999999999906e-03 1.947989999999999999e-01 -1.424999999999999878e-01 1.424999999999999878e-01
-5.201289999999999906e-03 1.947989999999999999e-01 -1.424999999999999878e-01 1.424999999999999878e-01
-5.201289999999999906e-03 1.947989999999999999e-01 -1.424999999999999878e-01 1.424999999999999878e-01
-5.201289999999999906e-03 1.947989999999999999e-01 -1.424999999999999878e-01 1.424999999999999878e-01
-5.201289999999999906e-03 1.947989999999999999e-01 -1.424999999999999878e-01 1.424999999999999878e-01
-5.201289999999999906e-03 1.947989999999999999e-01 -1.424999999999999878e-01 1.424999999999999878e-01
-5.201289999999999906e-03 1.947989999999999999e-01 -1.424999999999999878e-01 1.424999999999999878e-01
-5.201289999999999906e-03 1.947989999999999999e-01 -1.424999999999999878e-01 1.424999999999999878e-01
-5.201289999999999906e-03 1.947989999999999999e-01 -1.424999999999999878e-01 1.424999999999999878e-01
-5.201289999999999906e-03 1.947989999999999999e-01 -1.424999999999999878e-01 1.424999999999999878e-01
-5.201289999999999906e-03 1.947989999999999999e-01 -1.424999999999999878e-01 1.424999999999999878e-01
-5.201289999999999906e-03 1.947989999999999999e-01 -1.424999999999999878e-01 1.424999999999999878e-01
-5.201289999999999906e-03 1.947989999999999999e-01 -1.424999999999999878e-01 1.424999999999999878e-01
-5.201289999999999906e-03 1.947989999999999999e-01 -1.424999999999999878e-01 1.424999999999999878e-01
-5.201289999999999906e-03 1.947989999999999999e-01 -1.424999999999999878e-01 1.424999999999999878e-01
-5.201289999999999906e-03 1.947989999999999999e-01 -1.424999999999999878e-01 1.424999999999999878e-01
-5.201289999999999906e-03 1.947989999999999999e-01 -1.424999999999999878e-01 1.424999999999999878e-01
-5.201289999999999906e-03 1.947989999999999999e-01 -1.424999999999999878e-01 1.424999999999999878e-01
-5.201289999999999906e-03 1.947989999999999999e-01 -1.424999999999999878e-01 1.424999999999999878e-01
-5.201289999999999906e-03 1.947989999999999999e-01 -1.424999999999999878e-01 -6.250000000000000000e-02
-5.201289999999999906e-03 1.947989999999999999e-01 -1.424999999999999878e-01 -6.250000000000000000e-02
-5.201289999999999906e-03 1.947989999999999999e-01 -1.424999999999999878e-01 -6.250000000000000000e-02
-5.201289999999999906e-03 1.947989999999999999e-01 -1.424999999999999878e-01 -6.250000000000000000e-02
-5.201289999999999906e-03 1.947989999999999999e-01 -1.424999999999999878e-01 -6.250000000000000000e-02
-5.201289999999999906e-03 1.947989999999999999e-01 -1.424999999999999878e-01 -6.250000000000000000e-02
-5.201289999999999906e-03 1.947989999999999999e-01 -1.424999999999999878e-01 -6.250000000000000000e-02
-5.201289999999999906e-03 1.947989999999999999e-01 -1.424999999999999878e-01 -6.250000000000000000e-02
-5.201289999999999906e-03 1.947989999999999999e-01 -1.424999999999999878e-01 -6.250000000000000000e-02
-5.201289999999999906e-03 1.947989999999999999e-01 -1.424999999999999878e-01 -6.250000000000000000e-02
-5.201289999999999906e-03 1.947989999999999999e-01 -1.424999999999999878e-01 -6.250000000000000000e-02
-5.201289999999999906e-03 1.947989999999999999e-01 -1.424999999999999878e-01 -6.250000000000000000e-02
-5.201289999999999906e-03 1.947989999999999999e-01 -1.424999999999999878e-01 -6.250000000000000000e-02
-5.201289999999999906e-03 1.947989999999999999e-01 -1.424999999999999878e-01 -6.250000000000000000e-02
-5.201289999999999906e-03 1.947989999999999999e-01 -1.424999999999999878e-01 -6.250000000000000000e-02
-5.201289999999999906e-03 1.947989999999999999e-01 -1.424999999999999878e-01 -6.250000000000000000e-02
-5.201289999999999906e-03 1.947989999999999999e-01 -1.424999999999999878e-01 -6.250000000000000000e-02
-5.201289999999999906e-03 1.947989999999999999e-01 -1.424999999999999878e-01 -6.250000000000000000e-02
-5.201289999999999906e-03 1.947989999999999999e-01 -1.424999999999999878e-01 -6.250000000000000000e-02
-5.201289999999999906e-03 1.947989999999999999e-01 -1.424999999999999878e-01 -6.250000000000000000e-02
-5.201289999999999906e-03 1.947989999999999999e-01 -1.424999999999999878e-01 -6.250000000000000000e-02
-5.201289999999999906e-03 1.947989999999999999e-01 -1.424999999999999878e-01 -6.250000000000000000e-02
-5.201289999999999906e-03 1.947989999999999999e-01 -1.424999999999999878e-01 -6.250000000000000000e-02
-5.201289999999999906e-03 1.947989999999999999e-01 -1.424999999999999878e-01 -6.250000000000000000e-02
-5.201289999999999906e-03 1.947989999999999999e-01 -1.424999999999999878e-01 -6.250000000000000000e-02
-5.201289999999999906e-03 1.947989999999999999e-01 -1.424999999999999878e-01 -6.250000000000000000e-02
-5.201289999999999906e-03 1.947989999999999999e-01 -1.424999999999999878e-01 -6.250000000000000000e-02
-5.201289999999999906e-03 1.947989999999999999e-01 -1.424999999999999878e-01 -6.250000000000000000e-02
-5.201289999999999906e-03 1.947989999999999999e-01 -1.424999999999999878e-01 -6.250000000000000000e-02
-5.201289999999999906e-03 1.947989999999999999e-01 -1.424999999999999878e-01 -6.250000000000000000e-02
-1.520130000000000092e-02 3.051300000000000123e-01 -1.524999999999999967e-01 1.524999999999999967e-01
-1.520130000000000092e-02 3.051300000000000123e-01 -1.524999999999999967e-01 1.524999999999999967e-01
-1.520130000000000092e-02 3.051300000000000123e-01 -1.524999999999999967e-01 1.524999999999999967e-01
-1.520130000000000092e-02 3.051300000000000123e-01 -1.524999999999999967e-01 1.524999999999999967e-01
-1.520130000000000092e-02 3.051300000000000123e-01 -1.524999999999999967e-01 1.524999999999999967e-01
-1.520130000000000092e-02 3.051300000000000123e-01 -1.524999999999999967e-01 1.524999999999999967e-01
-1.520130000000000092e-02 3.051300000000000123e-01 -1.524999999999999967e-01 1.524999999999999967e-01
-1.520130000000000092e-02 3.051300000000000123e-01 -1.524999999999999967e-01 1.524999999999999967e-01
-1.520130000000000092e-02 3.051300000000000123e-01 -1.524999999999999967e-01 1.524999999999999967e-01
-1.520130000000000092e-02 3.051300000000000123e-01 -1.524999999999999967e-01 1.524999999999999967e-01
-1.520130000000000092e-02 3.051300000000000123e-01 -1.524999999999999967e-01 1.524999999999999967e-01
-1.520130000000000092e-02 3.051300000000000123e-01 -1.524999999999999967e-01 1.524999999999999967e-01
-1.520130000000000092e-02 3.051300000000000123e-01 -1.524999999999999967e-01 1.524999999999999967e-01
-1.520130000000000092e-02 3.051300000000000123e-01 -1.524999999999999967e-01 1.524999999999999967e-01
-1.520130000000000092e-02 3.051300000000000123e-01 -1.524999999999999967e-01 1.524999999999999967e-01
-1.520130000000000092e-02 3.051300000000000123e-01 -1.524999999999999967e-01 1.524999999999999967e-01
-1.520130000000000092e-02 3.051300000000000123e-01 -1.524999999999999967e-01 1.524999999999999967e-01
-1.520130000000000092e-02 3.051300000000000123e-01 -1.524999999999999967e-01 1.524999999999999967e-01
-1.520130000000000092e-02 3.051300000000000123e-01 -1.524999999999999967e-01 1.524999999999999967e-01
-1.520130000000000092e-02 3.051300000000000123e-01 -1.524999999999999967e-01 1.524999999999999967e-01
8.513000000000001122e-02 3.051300000000000123e-01 5.249999999999999806e-02 1.524999999999999967e-01
8.513000000000001122e-02 3.051300000000000123e-01 5.249999999999999806e-02 1.524999999999999967e-01
8.513000000000001122e-02 3.051300000000000123e-01 5.249999999999999806e-02 1.524999999999999967e-01
8.513000000000001122e-02 3.051300000000000123e-01 5.249999999999999806e-02 1.524999999999999967e-01
8.513000000000001122e-02 3.051300000000000123e-01 5.249999999999999806e-02 1.524999999999999967e-01
8.513000000000001122e-02 3.051300000000000123e-01 5.249999999999999806e-02 1.524999999999999967e-01
8.513000000000001122e-02 3.051300000000000123e-01 5.249999999999999806e-02 1.524999999999999967e-01
8.513000000000001122e-02 3.051300000000000123e-01 5.249999999999999806e-02 1.524999999999999967e-01
8.513000000000001122e-02 3.051300000000000123e-01 5.249999999999999806e-02 1.524999999999999967e-01
8.513000000000001122e-02 3.051300000000000123e-01 5.249999999999999806e-02 1.524999999999999967e-01
8.513000000000001122e-02 3.051300000000000123e-01 5.249999999999999806e-02 1.524999999999999967e-01
8.513000000000001122e-02 3.051300000000000123e-01 5.249999999999999806e-02 1.524999999999999967e-01
8.513000000000001122e-02 3.051300000000000123e-01 5.249999999999999806e-02 1.524999999999999967e-01
8.513000000000001122e-02 3.051300000000000123e-01 5.249999999999999806e-02 1.524999999999999967e-01
8.513000000000001122e-02 3.051300000000000123e-01 5.249999999999999806e-02 1.524999999999999967e-01
8.513000000000001122e-02 3.051300000000000123e-01 5.249999999999999806e-02 1.524999999999999967e-01
8.513000000000001122e-02 3.051300000000000123e-01 5.249999999999999806e-02 1.524999999999999967e-01
8.513000000000001122e-02 3.051300000000000123e-01 5.249999999999999806e-02 1.524999999999999967e-01
8.513000000000001122e-02 3.051300000000000123e-01 5.249999999999999806e-02 1.524999999999999967e-01
8.513000000000001122e-02 3.051300000000000123e-01 5.249999999999999806e-02 1.524999999999999967e-01
8.513000000000001122e-02 3.051300000000000123e-01 5.249999999999999806e-02 1.524999999999999967e-01
8.513000000000001122e-02 3.051300000000000123e-01 5.249999999999999806e-02 1.524999999999999967e-01
8.513000000000001122e-02 3.051300000000000123e-01 5.249999999999999806e-02 1.524999999999999967e-01
8.513000000000001122e-02 3.051300000000000123e-01 5.249999999999999806e-02 1.524999999999999967e-01
8.513000000000001122e-02 3.051300000000000123e-01 5.249999999999999806e-02 1.524999999999999967e-01
8.513000000000001122e-02 3.051300000000000123e-01 5.249999999999999806e-02 1.524999999999999967e-01
8.513000000000001122e-02 3.051300000000000123e-01 5.249999999999999806e-02 1.524999999999999967e-01
8.513000000000001122e-02 4.047989999999999644e-01 -1.524999999999999967e-01 1.524999999999999967e-01
8.513000000000001122e-02 4.047989999999999644e-01 -1.524999999999999967e-01 1.524999999999999967e-01
8.513000000000001122e-02 4.047989999999999644e-01 -1.524999999999999967e-01 1.524999999999999967e-01
8.446741020000002320e-02 4.047987102000000226e-01 -1.524999999999999967e-01 1.524999999999999967e-01
8.446741020000002320e-02 4.047987102000000226e-01 -1.524999999999999967e-01 1.524999999999999967e-01
8.446741020000002320e-02 4.047987102000000226e-01 -1.524999999999999967e-01 1.524999999999999967e-01
8.446741020000002320e-02 4.047987102000000226e-01 -1.524999999999999967e-01 1.524999999999999967e-01
8.446741020000002320e-02 4.047987102000000226e-01 -1.524999999999999967e-01 1.524999999999999967e-01
8.446741020000002320e-02 4.047987102000000226e-01 -1.524999999999999967e-01 1.524999999999999967e-01
8.446741020000002320e-02 4.047987102000000226e-01 -1.524999999999999967e-01 1.524999999999999967e-01
8.446741020000002320e-02 4.047987102000000226e-01 -1.524999999999999967e-01 1.524999999999999967e-01
8.446741020000002320e-02 4.047987102000000226e-01 -1.524999999999999967e-01 1.524999999999999967e-01
8.446741020000002320e-02 4.047987102000000226e-01 -1.524999999999999967e-01 1.524999999999999967e-01
8.446741020000002320e-02 4.047987102000000226e-01 -1.524999999999999967e-01 1.524999999999999967e-01
8.446741020000002320e-02 4.047987102000000226e-01 -1.524999999999999967e-01 1.524999999999999967e-01
8.446741020000002320e-02 4.047987102000000226e-01 -1.524999999999999967e-01 1.524999999999999967e-01
8.446741020000002320e-02 4.047987102000000226e-01 -1.524999999999999967e-01 1.524999999999999967e-01
8.446741020000002320e-02 4.047987102000000226e-01 -1.524999999999999967e-01 1.524999999999999967e-01
8.446741020000002320e-02 4.047987102000000226e-01 -1.524999999999999967e-01 1.524999999999999967e-01
8.446741020000002320e-02 4.047987102000000226e-01 -1.524999999999999967e-01 1.524999999999999967e-01
8.446741020000002320e-02 4.047987102000000226e-01 -1.524999999999999967e-01 1.524999999999999967e-01
8.446741020000002320e-02 4.047987102000000226e-01 -1.524999999999999967e-01 1.524999999999999967e-01
8.446741020000002320e-02 4.047987102000000226e-01 -1.524999999999999967e-01 1.524999999999999967e-01
1.847987102000000215e-01 4.047987102000000226e-01 -1.524999999999999967e-01 -5.249999999999999806e-02
1.847987102000000215e-01 4.047987102000000226e-01 -1.524999999999999967e-01 -5.249999999999999806e-02
1.847987102000000215e-01 4.047987102000000226e-01 -1.524999999999999967e-01 -5.249999999999999806e-02
1.847987102000000215e-01 4.047987102000000226e-01 -1.524999999999999967e-01 -5.249999999999999806e-02
1.847987102000000215e-01 4.047987102000000226e-01 -1.524999999999999967e-01 -5.249999999999999806e-02
1.847987102000000215e-01 4.047987102000000226e-01 -1.524999999999999967e-01 -5.249999999999999806e-02
1.847987102000000215e-01 4.047987102000000226e-01 -1.524999999999999967e-01 -5.249999999999999806e-02
1.847987102000000215e-01 4.047987102000000226e-01 -1.524999999999999967e-01 -5.249999999999999806e-02
1.847987102000000215e-01 4.047987102000000226e-01 -1.524999999999999967e-01 -5.249999999999999806e-02
1.847987102000000215e-01 4.047987102000000226e-01 -1.524999999999999967e-01 -5.249999999999999806e-02
1.847987102000000215e-01 4.047987102000000226e-01 -1.524999999999999967e-01 -5.249999999999999806e-02
1.847987102000000215e-01 4.047987102000000226e-01 -1.524999999999999967e-01 -5.249999999999999806e-02
1.847987102000000215e-01 4.047987102000000226e-01 -1.524999999999999967e-01 -5.249999999999999806e-02
1.847987102000000215e-01 4.047987102000000226e-01 -1.524999999999999967e-01 -5.249999999999999806e-02
1.847987102000000215e-01 4.047987102000000226e-01 -1.524999999999999967e-01 -5.249999999999999806e-02
1.847987102000000215e-01 4.047987102000000226e-01 -1.524999999999999967e-01 -5.249999999999999806e-02
1.847987102000000215e-01 4.047987102000000226e-01 -1.524999999999999967e-01 -5.249999999999999806e-02
1.847987102000000215e-01 4.047987102000000226e-01 -1.524999999999999967e-01 -5.249999999999999806e-02
1.847987102000000215e-01 4.047987102000000226e-01 -1.524999999999999967e-01 -5.249999999999999806e-02
1.847987102000000215e-01 4.047987102000000226e-01 -1.524999999999999967e-01 -5.249999999999999806e-02
1.847987102000000215e-01 4.047987102000000226e-01 -1.524999999999999967e-01 -5.249999999999999806e-02
1.847987102000000215e-01 4.047987102000000226e-01 -1.524999999999999967e-01 -5.249999999999999806e-02
1.847987102000000215e-01 4.047987102000000226e-01 -1.524999999999999967e-01 -5.249999999999999806e-02
1.847987102000000215e-01 4.047987102000000226e-01 -1.524999999999999967e-01 -5.249999999999999806e-02
1.847987102000000215e-01 4.047987102000000226e-01 -1.524999999999999967e-01 -5.249999999999999806e-02
1.847987102000000215e-01 4.047987102000000226e-01 -1.524999999999999967e-01 -5.249999999999999806e-02
1.847987102000000215e-01 4.047987102000000226e-01 -1.524999999999999967e-01 -5.249999999999999806e-02
1.847987102000000215e-01 5.044677102000000302e-01 -1.524999999999999967e-01 1.524999999999999967e-01
1.847987102000000215e-01 5.044677102000000302e-01 -1.524999999999999967e-01 1.524999999999999967e-01
1.847987102000000215e-01 5.044677102000000302e-01 -1.524999999999999967e-01 1.524999999999999967e-01
1.841361204000000473e-01 5.044674204000001438e-01 -1.524999999999999967e-01 1.524999999999999967e-01
1.841361204000000473e-01 5.044674204000001438e-01 -1.524999999999999967e-01 1.524999999999999967e-01
1.841361204000000473e-01 5.044674204000001438e-01 -1.524999999999999967e-01 1.524999999999999967e-01
1.841361204000000473e-01 5.044674204000001438e-01 -1.524999999999999967e-01 1.524999999999999967e-01
1.841361204000000473e-01 5.044674204000001438e-01 -1.524999999999999967e-01 1.524999999999999967e-01
1.841361204000000473e-01 5.044674204000001438e-01 -1.524999999999999967e-01 1.524999999999999967e-01
1.841361204000000473e-01 5.044674204000001438e-01 -1.524999999999999967e-01 1.524999999999999967e-01
1.841361204000000473e-01 5.044674204000001438e-01 -1.524999999999999967e-01 1.524999999999999967e-01
1.841361204000000473e-01 5.044674204000001438e-01 -1.524999999999999967e-01 1.524999999999999967e-01
1.841361204000000473e-01 5.044674204000001438e-01 -1.524999999999999967e-01 1.524999999999999967e-01
1.841361204000000473e-01 5.044674204000001438e-01 -1.524999999999999967e-01 1.524999999999999967e-01
1.841361204000000473e-01 5.044674204000001438e-01 -1.524999999999999967e-01 1.524999999999999967e-01
1.841361204000000473e-01 5.044674204000001438e-01 -1.524999999999999967e-01 1.524999999999999967e-01
1.841361204000000473e-01 5.044674204000001438e-01 -1.524999999999999967e-01 1.524999999999999967e-01
1.841361204000000473e-01 5.044674204000001438e-01 -1.524999999999999967e-01 1.524999999999999967e-01
1.841361204000000473e-01 5.044674204000001438e-01 -1.524999999999999967e-01 1.524999999999999967e-01
1.841361204000000473e-01 5.044674204000001438e-01 -1.524999999999999967e-01 1.524999999999999967e-01
1.841361204000000473e-01 5.044674204000001438e-01 -1.524999999999999967e-01 1.524999999999999967e-01
1.841361204000000473e-01 5.044674204000001438e-01 -1.524999999999999967e-01 1.524999999999999967e-01
1.841361204000000473e-01 5.044674204000001438e-01 -1.524999999999999967e-01 1.524999999999999967e-01
2.844674204000000595e-01 5.044674204000001438e-01 5.249999999999999806e-02 1.524999999999999967e-01
2.844674204000000595e-01 5.044674204000001438e-01 5.249999999999999806e-02 1.524999999999999967e-01
2.844674204000000595e-01 5.044674204000001438e-01 5.249999999999999806e-02 1.524999999999999967e-01
2.844674204000000595e-01 5.044674204000001438e-01 5.249999999999999806e-02 1.524999999999999967e-01
2.844674204000000595e-01 5.044674204000001438e-01 5.249999999999999806e-02 1.524999999999999967e-01
2.844674204000000595e-01 5.044674204000001438e-01 5.249999999999999806e-02 1.524999999999999967e-01
2.844674204000000595e-01 5.044674204000001438e-01 5.249999999999999806e-02 1.524999999999999967e-01
2.844674204000000595e-01 5.044674204000001438e-01 5.249999999999999806e-02 1.524999999999999967e-01
2.844674204000000595e-01 5.044674204000001438e-01 5.249999999999999806e-02 1.524999999999999967e-01
2.844674204000000595e-01 5.044674204000001438e-01 5.249999999999999806e-02 1.524999999999999967e-01
2.844674204000000595e-01 5.044674204000001438e-01 5.249999999999999806e-02 1.524999999999999967e-01
2.844674204000000595e-01 5.044674204000001438e-01 5.249999999999999806e-02 1.524999999999999967e-01
2.844674204000000595e-01 5.044674204000001438e-01 5.249999999999999806e-02 1.524999999999999967e-01
2.844674204000000595e-01 5.044674204000001438e-01 5.249999999999999806e-02 1.524999999999999967e-01
2.844674204000000595e-01 5.044674204000001438e-01 5.249999999999999806e-02 1.524999999999999967e-01
2.844674204000000595e-01 5.044674204000001438e-01 5.249999999999999806e-02 1.524999999999999967e-01
2.844674204000000595e-01 5.044674204000001438e-01 5.249999999999999806e-02 1.524999999999999967e-01
2.844674204000000595e-01 5.044674204000001438e-01 5.249999999999999806e-02 1.524999999999999967e-01
2.844674204000000595e-01 5.044674204000001438e-01 5.249999999999999806e-02 1.524999999999999967e-01
2.844674204000000595e-01 5.044674204000001438e-01 5.249999999999999806e-02 1.524999999999999967e-01
2.844674204000000595e-01 5.044674204000001438e-01 5.249999999999999806e-02 1.524999999999999967e-01
2.844674204000000595e-01 5.044674204000001438e-01 5.249999999999999806e-02 1.524999999999999967e-01
2.844674204000000595e-01 5.044674204000001438e-01 5.249999999999999806e-02 1.524999999999999967e-01
2.844674204000000595e-01 5.044674204000001438e-01 5.249999999999999806e-02 1.524999999999999967e-01
2.844674204000000595e-01 5.044674204000001438e-01 5.249999999999999806e-02 1.524999999999999967e-01
2.844674204000000595e-01 5.044674204000001438e-01 5.249999999999999806e-02 1.524999999999999967e-01
2.844674204000000595e-01 5.044674204000001438e-01 5.249999999999999806e-02 1.524999999999999967e-01
2.844674204000000595e-01 6.041364204000000404e-01 -1.524999999999999967e-01 1.524999999999999967e-01
2.844674204000000595e-01 6.041364204000000404e-01 -1.524999999999999967e-01 1.524999999999999967e-01
2.844674204000000595e-01 6.041364204000000404e-01 -1.524999999999999967e-01 1.524999999999999967e-01
2.838048306000000576e-01 6.041361306000001541e-01 -1.524999999999999967e-01 1.524999999999999967e-01
2.838048306000000576e-01 6.041361306000001541e-01 -1.524999999999999967e-01 1.524999999999999967e-01
2.838048306000000576e-01 6.041361306000001541e-01 -1.524999999999999967e-01 1.524999999999999967e-01
2.838048306000000576e-01 6.041361306000001541e-01 -1.524999999999999967e-01 1.524999999999999967e-01
2.838048306000000576e-01 6.041361306000001541e-01 -1.524999999999999967e-01 1.524999999999999967e-01
2.838048306000000576e-01 6.041361306000001541e-01 -1.524999999999999967e-01 1.524999999999999967e-01
2.838048306000000576e-01 6.041361306000001541e-01 -1.524999999999999967e-01 1.524999999999999967e-01
2.838048306000000576e-01 6.041361306000001541e-01 -1.524999999999999967e-01 1.524999999999999967e-01
2.838048306000000576e-01 6.041361306000001541e-01 -1.524999999999999967e-01 1.524999999999999967e-01
2.838048306000000576e-01 6.041361306000001541e-01 -1.524999999999999967e-01 1.524999999999999967e-01
2.838048306000000576e-01 6.041361306000001541e-01 -1.524999999999999967e-01 1.524999999999999967e-01
2.838048306000000576e-01 6.041361306000001541e-01 -1.524999999999999967e-01 1.524999999999999967e-01
2.838048306000000576e-01 6.041361306000001541e-01 -1.524999999999999967e-01 1.524999999999999967e-01
2.838048306000000576e-01 6.041361306000001541e-01 -1.524999999999999967e-01 1.524999999999999967e-01
2.838048306000000576e-01 6.041361306000001541e-01 -1.524999999999999967e-01 1.524999999999999967e-01
2.838048306000000576e-01 6.041361306000001541e-01 -1.524999999999999967e-01 1.524999999999999967e-01
2.838048306000000576e-01 6.041361306000001541e-01 -1.524999999999999967e-01 1.524999999999999967e-01
2.838048306000000576e-01 6.041361306000001541e-01 -1.524999999999999967e-01 1.524999999999999967e-01
2.838048306000000576e-01 6.041361306000001541e-01 -1.524999999999999967e-01 1.524999999999999967e-01
2.838048306000000576e-01 6.041361306000001541e-01 -1.524999999999999967e-01 1.524999999999999967e-01
3.841361306000000697e-01 6.041361306000001541e-01 -1.524999999999999967e-01 -5.249999999999999806e-02
